"353160230","PI£A","2019","01","01",7.3,"",2.0,"",5.2,"",1.7,"",2.9,"","W",0,"9",.0,"9",.2,"",.0,"8",.0,"8",.0,"8",.0,"8",.0,"8",.0,"8",.0,"8",.0,"8",.0,"8",.0,"8",.0,"8",.0,"8",.0,"8",.0,"8",.0,"8",.0,"8",0,"",0,"8","R",0,"9",0,"9",0,"8"
"353160230","PI£A","2019","01","02",3.8,"",-.7,"",1.2,"",-1.1,"",.1,"","S",0,"9",.0,"9",1.2,"",.0,"8",.0,"8",.0,"8",.0,"8",.0,"8",.0,"8",.0,"8",.0,"8",.0,"8",.0,"8",.0,"8",.0,"8",.0,"8",.0,"8",.0,"8",.0,"8",0,"",0,"8","R",0,"9",0,"9",0,"8"
"353160230","PI£A","2019","01","03",.7,"",-2.2,"",-1.1,"",-5.6,"",.1,"","S",0,"",.0,"9",2.8,"",.0,"8",.0,"8",.0,"8",.0,"8",.0,"8",.0,"8",.0,"8",.0,"8",.0,"8",.0,"8",.0,"8",.0,"8",.0,"8",.0,"8",.0,"8",.0,"8",0,"",0,"8","Z",9,"",0,"9",0,"8"
"353160230","PI£A","2019","01","04",1.7,"",-4.3,"",-.6,"",-8.0,"",.1,"","S",1,"",.0,"9",.0,"9",.0,"8",.0,"8",.0,"8",.0,"8",.0,"8",.0,"8",.0,"8",.0,"8",.0,"8",.0,"8",.0,"8",.0,"8",.0,"8",.0,"8",.0,"8",.0,"8",1,"",0,"8","",10,"",0,"9",0,"8"
"353160230","PI£A","2019","01","05",5.6,"",.9,"",2.8,"",.0,"",.1,"","W",0,"9",.0,"9",.9,"",.0,"8",.0,"8",.0,"8",.0,"8",.0,"8",.0,"8",.0,"8",.0,"8",.0,"8",.0,"8",.0,"8",.0,"8",.0,"8",.0,"8",.0,"8",.0,"8",0,"",0,"8","R",0,"9",0,"9",0,"8"
"353160230","PI£A","2019","01","06",1.7,"",-.3,"",.4,"",-1.6,"",.0,"9","",0,"9",.0,"9",.0,"9",.0,"8",.0,"8",.0,"8",.0,"8",.0,"8",.0,"8",.0,"8",.0,"8",.0,"8",.0,"8",.0,"8",.0,"8",.0,"8",.0,"8",.0,"8",.0,"8",0,"",0,"8","Z",6,"",0,"9",0,"8"
"353160230","PI£A","2019","01","07",1.9,"",-1.3,"",-.2,"",-1.5,"",3.3,"","S",0,"9",.0,"9",2.5,"",.0,"8",.0,"8",.0,"8",.0,"8",.0,"8",.0,"8",.0,"8",.0,"8",.0,"8",.0,"8",.0,"8",.0,"8",.0,"8",.0,"8",.0,"8",.0,"8",0,"",0,"8","Z",7,"",0,"9",0,"8"
"353160230","PI£A","2019","01","08",5.0,"",.2,"",3.6,"",.1,"",4.8,"","W",0,"9",.0,"9",.0,"9",.0,"8",.0,"8",.0,"8",.0,"8",.0,"8",.0,"8",.0,"8",.0,"8",.0,"8",.0,"8",.0,"8",.0,"8",.0,"8",.0,"8",.0,"8",.0,"8",0,"",0,"8","R",0,"9",0,"9",0,"8"
"353160230","PI£A","2019","01","09",3.4,"",.7,"",1.8,"",.2,"",.5,"","S",0,"9",.0,"9",.0,"9",.0,"8",.0,"8",.0,"8",.0,"8",.0,"8",.0,"8",.0,"8",.0,"8",.0,"8",.0,"8",.0,"8",.0,"8",.0,"8",.0,"8",.0,"8",.0,"8",0,"",0,"8","R",0,"9",0,"9",0,"8"
"353160230","PI£A","2019","01","10",2.2,"",.2,"",.9,"",-.5,"",.0,"","S",0,"9",.0,"9",.8,"",.0,"8",.0,"8",.0,"8",.0,"8",.0,"8",.0,"8",.0,"8",.0,"8",.0,"8",.0,"8",.0,"8",.0,"8",.0,"8",.0,"8",.0,"8",.0,"8",0,"",0,"8","",1,"",0,"9",0,"8"
"353160230","PI£A","2019","01","11",.8,"",-2.2,"",-.3,"",-3.1,"",.4,"","S",0,"9",.0,"9",.0,"9",.0,"8",.0,"8",.0,"8",.0,"8",.0,"8",.0,"8",.0,"8",.0,"8",.0,"8",.0,"8",.0,"8",.0,"8",.0,"8",.0,"8",.0,"8",.0,"8",0,"",0,"8","Z",8,"",0,"9",0,"8"
"353160230","PI£A","2019","01","12",4.0,"",.6,"",2.5,"",-2.0,"",1.4,"","W",0,"9",.0,"9",.0,"9",.0,"8",.0,"8",.0,"8",.0,"8",.0,"8",.0,"8",.0,"8",.0,"8",.0,"8",.0,"8",.0,"8",.0,"8",.0,"8",.0,"8",.0,"8",.0,"8",0,"",0,"8","Z",7,"",0,"9",0,"8"
"353160230","PI£A","2019","01","13",5.9,"",3.0,"",4.8,"",2.8,"",7.3,"","W",0,"9",.0,"9",.0,"9",.0,"8",.0,"8",.0,"8",.0,"8",.0,"8",.0,"8",.0,"8",.0,"8",.0,"8",.0,"8",.0,"8",.0,"8",.0,"8",.0,"8",.0,"8",.0,"8",0,"",0,"8","R",0,"9",0,"9",0,"8"
"353160230","PI£A","2019","01","14",6.3,"",-1.3,"",.9,"",-2.3,"",.8,"","S",0,"9",.0,"9",2.1,"",.0,"8",.0,"8",.0,"8",.0,"8",.0,"8",.0,"8",.0,"8",.0,"8",.0,"8",.0,"8",.0,"8",.0,"8",.0,"8",.0,"8",.0,"8",.0,"8",0,"",0,"8","R",0,"9",0,"9",0,"8"
"353160230","PI£A","2019","01","15",3.5,"",-.9,"",1.5,"",-2.0,"",1.0,"","S",1,"",.0,"9",.0,"9",.0,"8",.0,"8",.0,"8",.0,"8",.0,"8",.0,"8",.0,"8",.0,"8",.0,"8",.0,"8",.0,"8",.0,"8",.0,"8",.0,"8",.0,"8",.0,"8",1,"",0,"8","",9,"",0,"9",0,"8"
"353160230","PI£A","2019","01","16",6.5,"",3.5,"",5.5,"",3.1,"",.2,"","W",0,"9",.0,"9",.0,"9",.0,"8",.0,"8",.0,"8",.0,"8",.0,"8",.0,"8",.0,"8",.0,"8",.0,"8",.0,"8",.0,"8",.0,"8",.0,"8",.0,"8",.0,"8",.0,"8",0,"",0,"8","R",0,"9",0,"9",0,"8"
"353160230","PI£A","2019","01","17",5.3,"",2.1,"",3.5,"",1.6,"",4.5,"","S",0,"9",.0,"9",.4,"",.0,"8",.0,"8",.0,"8",.0,"8",.0,"8",.0,"8",.0,"8",.0,"8",.0,"8",.0,"8",.0,"8",.0,"8",.0,"8",.0,"8",.0,"8",.0,"8",0,"",0,"8","R",0,"9",0,"9",0,"8"
"353160230","PI£A","2019","01","18",3.5,"",-2.0,"",-.2,"",-2.7,"",.0,"","S",1,"",.0,"9",5.7,"",.0,"8",.0,"8",.0,"8",.0,"8",.0,"8",.0,"8",.0,"8",.0,"8",.0,"8",.0,"8",.0,"8",.0,"8",.0,"8",.0,"8",.0,"8",.0,"8",1,"",0,"8","",1,"",0,"9",0,"8"
"353160230","PI£A","2019","01","19",-.6,"",-2.5,"",-1.6,"",-3.8,"",.0,"9","",0,"9",.0,"9",.0,"9",.0,"8",.0,"8",.0,"8",.0,"8",.0,"8",.0,"8",.0,"8",.0,"8",.0,"8",.0,"8",.0,"8",.0,"8",.0,"8",.0,"8",.0,"8",.0,"8",0,"",0,"8","R",9,"",0,"9",0,"8"
"353160230","PI£A","2019","01","20",-1.7,"",-5.1,"",-3.4,"",-7.1,"",.0,"9","",0,"9",.0,"9",2.7,"",.0,"8",.0,"8",.0,"8",.0,"8",.0,"8",.0,"8",.0,"8",.0,"8",.0,"8",.0,"8",.0,"8",.0,"8",.0,"8",.0,"8",.0,"8",.0,"8",0,"",0,"8","R",9,"",0,"9",0,"8"
"353160230","PI£A","2019","01","21",-4.3,"",-8.6,"",-5.5,"",-10.2,"",.0,"9","",0,"9",.0,"9",.0,"9",.0,"8",.0,"8",.0,"8",.0,"8",.0,"8",.0,"8",.0,"8",.0,"8",.0,"8",.0,"8",.0,"8",.0,"8",.0,"8",.0,"8",.0,"8",.0,"8",0,"",0,"8","R",17,"",0,"9",0,"8"
"353160230","PI£A","2019","01","22",-1.7,"",-9.8,"",-6.0,"",-11.8,"",.0,"","W",0,"9",.0,"9",6.5,"",.0,"8",.0,"8",.0,"8",.0,"8",.0,"8",.0,"8",.0,"8",.0,"8",.0,"8",.0,"8",.0,"8",.0,"8",.0,"8",.0,"8",.0,"8",.0,"8",0,"",0,"8","Z",19,"",0,"9",0,"8"
"353160230","PI£A","2019","01","23",-3.8,"",-10.5,"",-6.2,"",-13.4,"",.0,"9","",0,"9",.0,"9",.0,"9",.0,"8",.0,"8",.0,"8",.0,"8",.0,"8",.0,"8",.0,"8",.0,"8",.0,"8",.0,"8",.0,"8",.0,"8",.0,"8",.0,"8",.0,"8",.0,"8",0,"",0,"8","Z",23,"",0,"9",0,"8"
"353160230","PI£A","2019","01","24",-3.8,"",-10.0,"",-6.8,"",-11.4,"",.0,"","S",0,"9",.0,"9",.0,"9",.0,"8",.0,"8",.0,"8",.0,"8",.0,"8",.0,"8",.0,"8",.0,"8",.0,"8",.0,"8",.0,"8",.0,"8",.0,"8",.0,"8",.0,"8",.0,"8",0,"",0,"8","",33,"",0,"9",0,"8"
"353160230","PI£A","2019","01","25",-4.4,"",-9.2,"",-6.9,"",-9.5,"",.1,"","S",0,"9",.0,"9",.0,"9",.0,"8",.0,"8",.0,"8",.0,"8",.0,"8",.0,"8",.0,"8",.0,"8",.0,"8",.0,"8",.0,"8",.0,"8",.0,"8",.0,"8",.0,"8",.0,"8",0,"",0,"8","",38,"",0,"9",0,"8"
"353160230","PI£A","2019","01","26",-1.7,"",-5.4,"",-3.5,"",-5.3,"",.4,"","S",0,"",.0,"9",.0,"9",.0,"8",.0,"8",.0,"8",.0,"8",.0,"8",.0,"8",.0,"8",.0,"8",.0,"8",.0,"8",.0,"8",.0,"8",.0,"8",.0,"8",.0,"8",.0,"8",0,"",0,"8","R",38,"",0,"9",0,"8"
"353160230","PI£A","2019","01","27",2.4,"",-2.4,"",.8,"",-2.3,"",.8,"","W",1,"",.0,"9",.0,"9",.0,"8",.0,"8",.0,"8",.0,"8",.0,"8",.0,"8",.0,"8",.0,"8",.0,"8",.0,"8",.0,"8",.0,"8",.0,"8",.0,"8",.0,"8",.0,"8",1,"",0,"8","",32,"",0,"9",0,"8"
"353160230","PI£A","2019","01","28",3.1,"",-.1,"",1.6,"",-2.8,"",.1,"","S",0,"9",.0,"9",.4,"",.0,"8",.0,"8",.0,"8",.0,"8",.0,"8",.0,"8",.0,"8",.0,"8",.0,"8",.0,"8",.0,"8",.0,"8",.0,"8",.0,"8",.0,"8",.0,"8",0,"",0,"8","R",23,"",5,"",0,"8"
"353160230","PI£A","2019","01","29",.8,"",-1.7,"",-.3,"",-3.0,"",.3,"","S",1,"",.0,"9",.5,"",.0,"8",.0,"8",.0,"8",.0,"8",.0,"8",.0,"8",.0,"8",.0,"8",.0,"8",.0,"8",.0,"8",.0,"8",.0,"8",.0,"8",.0,"8",.0,"8",1,"",0,"8","",23,"",4,"",0,"8"
"353160230","PI£A","2019","01","30",2.4,"",-1.9,"",-.5,"",-3.0,"",.0,"9","",1,"",.0,"9",6.3,"",.0,"8",.0,"8",.0,"8",.0,"8",.0,"8",.0,"8",.0,"8",.0,"8",.0,"8",.0,"8",.0,"8",.0,"8",.0,"8",.0,"8",.0,"8",.0,"8",0,"",0,"8","Z",20,"",0,"9",0,"8"
"353160230","PI£A","2019","01","31",2.0,"",-2.6,"",-.2,"",-3.5,"",.0,"9","",0,"9",.0,"9",5.8,"",.0,"8",.0,"8",.0,"8",.0,"8",.0,"8",.0,"8",.0,"8",.0,"8",.0,"8",.0,"8",.0,"8",.0,"8",.0,"8",.0,"8",.0,"8",.0,"8",0,"",0,"8","Z",20,"",0,"9",0,"8"
"353160230","PI£A","2019","02","01",1.6,"",-2.3,"",-.6,"",-5.0,"",.2,"","W",0,"9",.0,"9",3.3,"",.0,"8",.0,"8",.0,"8",.0,"8",.0,"8",.0,"8",.0,"8",.0,"8",.0,"8",.0,"8",.0,"8",.0,"8",.0,"8",.0,"8",.0,"8",.0,"8",0,"",0,"8","R",20,"",0,"9",0,"8"
"353160230","PI£A","2019","02","02",3.7,"",-.7,"",1.9,"",-1.0,"",.0,"","W",0,"9",.0,"9",.0,"9",.0,"8",.0,"8",.0,"8",.0,"8",.0,"8",.0,"8",.0,"8",.0,"8",.0,"8",.0,"8",.0,"8",.0,"8",.0,"8",.0,"8",.0,"8",.0,"8",0,"",0,"8","R",20,"",4,"",0,"8"
"353160230","PI£A","2019","02","03",2.9,"",.3,"",1.1,"",.0,"",.7,"","S",0,"9",.0,"9",.0,"9",.0,"8",.0,"8",.0,"8",.0,"8",.0,"8",.0,"8",.0,"8",.0,"8",.0,"8",.0,"8",.0,"8",.0,"8",.0,"8",.0,"8",.0,"8",.0,"8",0,"",0,"8","R",20,"",4,"",0,"8"
"353160230","PI£A","2019","02","04",1.8,"",-.3,"",.4,"",-.3,"",.0,"9","",0,"",.0,"9",2.0,"",.0,"8",.0,"8",.0,"8",.0,"8",.0,"8",.0,"8",.0,"8",.0,"8",.0,"8",.0,"8",.0,"8",.0,"8",.0,"8",.0,"8",.0,"8",.0,"8",0,"",0,"8","R",10,"",0,"9",0,"8"
"353160230","PI£A","2019","02","05",.9,"",-1.1,"",-.1,"",-1.6,"",.1,"","S",0,"9",.0,"9",.1,"",.0,"8",.0,"8",.0,"8",.0,"8",.0,"8",.0,"8",.0,"8",.0,"8",.0,"8",.0,"8",.0,"8",.0,"8",.0,"8",.0,"8",.0,"8",.0,"8",0,"",0,"8","Z",10,"",0,"9",0,"8"
"353160230","PI£A","2019","02","06",4.9,"",.7,"",2.3,"",.6,"",.0,"9","",0,"9",.0,"9",3.4,"",.0,"8",.0,"8",.0,"8",.0,"8",.0,"8",.0,"8",.0,"8",.0,"8",.0,"8",.0,"8",.0,"8",.0,"8",.0,"8",.0,"8",.0,"8",.0,"8",0,"",0,"8","Z",10,"",0,"9",0,"8"
"353160230","PI£A","2019","02","07",5.2,"",-2.5,"",1.4,"",-3.5,"",.0,"","W",0,"9",.0,"9",3.1,"",.0,"8",.0,"8",.0,"8",.0,"8",.0,"8",.0,"8",.0,"8",.0,"8",.0,"8",.0,"8",.0,"8",.0,"8",.0,"8",.0,"8",.0,"8",.0,"8",0,"",0,"8","Z",13,"",0,"9",0,"8"
"353160230","PI£A","2019","02","08",8.1,"",.2,"",3.4,"",-1.2,"",.0,"9","",0,"9",.0,"9",7.2,"",.0,"8",.0,"8",.0,"8",.0,"8",.0,"8",.0,"8",.0,"8",.0,"8",.0,"8",.0,"8",.0,"8",.0,"8",.0,"8",.0,"8",.0,"8",.0,"8",0,"",0,"8","Z",13,"",0,"9",0,"8"
"353160230","PI£A","2019","02","09",9.0,"",2.6,"",4.8,"",1.4,"",.5,"","W",0,"9",.0,"9",.7,"",.0,"8",.0,"8",.0,"8",.0,"8",.0,"8",.0,"8",.0,"8",.0,"8",.0,"8",.0,"8",.0,"8",.0,"8",.0,"8",.0,"8",.0,"8",.0,"8",0,"",0,"8","R",0,"9",0,"9",0,"8"
"353160230","PI£A","2019","02","10",8.2,"",2.9,"",6.1,"",1.6,"",.9,"","W",0,"9",.0,"9",3.1,"",.0,"8",.0,"8",.0,"8",.0,"8",.0,"8",.0,"8",.0,"8",.0,"8",.0,"8",.0,"8",.0,"8",.0,"8",.0,"8",.0,"8",.0,"8",.0,"8",0,"",0,"8","R",0,"9",0,"9",0,"8"
"353160230","PI£A","2019","02","11",6.6,"",2.3,"",3.8,"",1.9,"",.7,"","W",0,"9",.0,"9",.6,"",.0,"8",.0,"8",.0,"8",.0,"8",.0,"8",.0,"8",.0,"8",.0,"8",.0,"8",.0,"8",.0,"8",.0,"8",.0,"8",.0,"8",.0,"8",.0,"8",0,"",0,"8","R",0,"9",0,"9",0,"8"
"353160230","PI£A","2019","02","12",4.9,"",-.2,"",1.7,"",-1.0,"",.0,"9","",0,"9",.0,"9",4.5,"",.0,"8",.0,"8",.0,"8",.0,"8",.0,"8",.0,"8",.0,"8",.0,"8",.0,"8",.0,"8",.0,"8",.0,"8",.0,"8",.0,"8",.0,"8",.0,"8",0,"",0,"8","Z",6,"",0,"9",0,"8"
"353160230","PI£A","2019","02","13",7.9,"",-1.3,"",4.1,"",-2.7,"",.1,"","W",0,"9",.0,"9",.0,"9",.0,"8",.0,"8",.0,"8",.0,"8",.0,"8",.0,"8",.0,"8",.0,"8",.0,"8",.0,"8",.0,"8",.0,"8",.0,"8",.0,"8",.0,"8",.0,"8",0,"",0,"8","R",0,"9",0,"9",0,"8"
"353160230","PI£A","2019","02","14",8.3,"",6.0,"",7.0,"",4.5,"",.0,"","W",0,"9",.0,"9",.0,"9",.0,"8",.0,"8",.0,"8",.0,"8",.0,"8",.0,"8",.0,"8",.0,"8",.0,"8",.0,"8",.0,"8",.0,"8",.0,"8",.0,"8",.0,"8",.0,"8",0,"",0,"8","R",0,"9",0,"9",0,"8"
"353160230","PI£A","2019","02","15",6.5,"",.6,"",2.5,"",.3,"",.0,"9","",0,"9",.0,"9",.0,"9",.0,"8",.0,"8",.0,"8",.0,"8",.0,"8",.0,"8",.0,"8",.0,"8",.0,"8",.0,"8",.0,"8",.0,"8",.0,"8",.0,"8",.0,"8",.0,"8",0,"",0,"8","R",0,"9",0,"9",0,"8"
"353160230","PI£A","2019","02","16",15.3,"",-4.2,"",3.4,"",-5.7,"",.0,"9","",0,"9",.0,"9",9.3,"",.0,"8",.0,"8",.0,"8",.0,"8",.0,"8",.0,"8",.0,"8",.0,"8",.0,"8",.0,"8",.0,"8",.0,"8",.0,"8",.0,"8",.0,"8",.0,"8",0,"",0,"8","Z",9,"",0,"9",0,"8"
"353160230","PI£A","2019","02","17",8.8,"",-1.7,"",3.9,"",-4.4,"",.0,"","W",0,"9",.0,"9",.0,"9",.0,"8",.0,"8",.0,"8",.0,"8",.0,"8",.0,"8",.0,"8",.0,"8",.0,"8",.0,"8",.0,"8",.0,"8",.0,"8",.0,"8",.0,"8",.0,"8",0,"",0,"8","Z",7,"",0,"9",0,"8"
"353160230","PI£A","2019","02","18",11.8,"",-1.2,"",3.1,"",-2.3,"",.0,"","W",0,"9",.0,"9",7.0,"",.0,"8",.0,"8",.0,"8",.0,"8",.0,"8",.0,"8",.0,"8",.0,"8",.0,"8",.0,"8",.0,"8",.0,"8",.0,"8",.0,"8",.0,"8",.0,"8",0,"",0,"8","Z",6,"",0,"9",0,"8"
"353160230","PI£A","2019","02","19",9.5,"",-3.8,"",3.2,"",-6.5,"",.0,"","W",0,"9",.0,"9",5.6,"",.0,"8",.0,"8",.0,"8",.0,"8",.0,"8",.0,"8",.0,"8",.0,"8",.0,"8",.0,"8",.0,"8",.0,"8",.0,"8",.0,"8",.0,"8",.0,"8",0,"",0,"8","Z",9,"",0,"9",0,"8"
"353160230","PI£A","2019","02","20",7.0,"",4.5,"",6.0,"",3.6,"",.6,"","W",0,"9",.0,"9",.4,"",.0,"8",.0,"8",.0,"8",.0,"8",.0,"8",.0,"8",.0,"8",.0,"8",.0,"8",.0,"8",.0,"8",.0,"8",.0,"8",.0,"8",.0,"8",.0,"8",0,"",0,"8","R",0,"9",0,"9",0,"8"
"353160230","PI£A","2019","02","21",7.3,"",4.6,"",6.0,"",3.1,"",2.1,"","W",0,"9",.0,"9",.0,"9",.0,"8",.0,"8",.0,"8",.0,"8",.0,"8",.0,"8",.0,"8",.0,"8",.0,"8",.0,"8",.0,"8",.0,"8",.0,"8",.0,"8",.0,"8",.0,"8",0,"",0,"8","R",0,"9",0,"9",0,"8"
"353160230","PI£A","2019","02","22",7.3,"",-3.2,"",-1.2,"",-6.7,"",.0,"","W",0,"9",.0,"9",9.9,"",.0,"8",.0,"8",.0,"8",.0,"8",.0,"8",.0,"8",.0,"8",.0,"8",.0,"8",.0,"8",.0,"8",.0,"8",.0,"8",.0,"8",.0,"8",.0,"8",0,"",0,"8","Z",7,"",0,"9",0,"8"
"353160230","PI£A","2019","02","23",1.7,"",-8.3,"",-3.4,"",-10.7,"",.0,"9","",0,"9",.0,"9",3.0,"",.0,"8",.0,"8",.0,"8",.0,"8",.0,"8",.0,"8",.0,"8",.0,"8",.0,"8",.0,"8",.0,"8",.0,"8",.0,"8",.0,"8",.0,"8",.0,"8",0,"",0,"8","Z",11,"",0,"9",0,"8"
"353160230","PI£A","2019","02","24",11.5,"",-2.5,"",2.5,"",-4.8,"",.0,"9","",0,"9",.0,"9",5.3,"",.0,"8",.0,"8",.0,"8",.0,"8",.0,"8",.0,"8",.0,"8",.0,"8",.0,"8",.0,"8",.0,"8",.0,"8",.0,"8",.0,"8",.0,"8",.0,"8",0,"",0,"8","Z",10,"",0,"9",0,"8"
"353160230","PI£A","2019","02","25",9.6,"",-2.5,"",3.6,"",-4.8,"",.0,"9","",0,"9",.0,"9",4.6,"",.0,"8",.0,"8",.0,"8",.0,"8",.0,"8",.0,"8",.0,"8",.0,"8",.0,"8",.0,"8",.0,"8",.0,"8",.0,"8",.0,"8",.0,"8",.0,"8",0,"",0,"8","Z",6,"",0,"9",0,"8"
"353160230","PI£A","2019","02","26",11.9,"",4.0,"",7.1,"",-.2,"",.0,"","W",0,"9",.0,"9",7.9,"",.0,"8",.0,"8",.0,"8",.0,"8",.0,"8",.0,"8",.0,"8",.0,"8",.0,"8",.0,"8",.0,"8",.0,"8",.0,"8",.0,"8",.0,"8",.0,"8",0,"",0,"8","R",0,"9",0,"9",0,"8"
"353160230","PI£A","2019","02","27",11.5,"",-3.7,"",2.9,"",-6.7,"",.0,"","W",0,"9",.0,"9",5.2,"",.0,"8",.0,"8",.0,"8",.0,"8",.0,"8",.0,"8",.0,"8",.0,"8",.0,"8",.0,"8",.0,"8",.0,"8",.0,"8",.0,"8",.0,"8",.0,"8",0,"",0,"8","Z",9,"",0,"9",0,"8"
"353160230","PI£A","2019","02","28",8.8,"",.6,"",4.3,"",-3.0,"",.0,"9","",0,"9",.0,"9",7.6,"",.0,"8",.0,"8",.0,"8",.0,"8",.0,"8",.0,"8",.0,"8",.0,"8",.0,"8",.0,"8",.0,"8",.0,"8",.0,"8",.0,"8",.0,"8",.0,"8",0,"",0,"8","Z",7,"",0,"9",0,"8"
"353160230","PI£A","2019","03","01",6.2,"",-2.5,"",1.2,"",-6.4,"",.0,"","W",0,"9",.0,"9",4.8,"",.0,"8",.0,"8",.0,"8",.0,"8",.0,"8",.0,"8",.0,"8",.0,"8",.0,"8",.0,"8",.0,"8",.0,"8",.0,"8",.0,"8",.0,"8",.0,"8",0,"",0,"8","Z",5,"",0,"9",0,"8"
"353160230","PI£A","2019","03","02",6.0,"",-7.5,"",-.2,"",-11.0,"",.0,"9","",0,"9",.0,"9",6.5,"",.0,"8",.0,"8",.0,"8",.0,"8",.0,"8",.0,"8",.0,"8",.0,"8",.0,"8",.0,"8",.0,"8",.0,"8",.0,"8",.0,"8",.0,"8",.0,"8",0,"",0,"8","Z",12,"",0,"9",0,"8"
"353160230","PI£A","2019","03","03",8.6,"",1.1,"",5.7,"",-1.2,"",3.2,"","W",0,"9",.0,"9",.0,"9",.0,"8",.0,"8",.0,"8",.0,"8",.0,"8",.0,"8",.0,"8",.0,"8",.0,"8",.0,"8",.0,"8",.0,"8",.0,"8",.0,"8",.0,"8",.0,"8",0,"",0,"8","R",0,"9",0,"9",0,"8"
"353160230","PI£A","2019","03","04",13.8,"",7.2,"",8.8,"",6.4,"",2.1,"","W",0,"9",.0,"9",2.4,"",.0,"8",.0,"8",.0,"8",.0,"8",.0,"8",.0,"8",.0,"8",.0,"8",.0,"8",.0,"8",.0,"8",.0,"8",.0,"8",.0,"8",.0,"8",.0,"8",0,"",0,"8","R",0,"9",0,"9",0,"8"
"353160230","PI£A","2019","03","05",11.2,"",5.1,"",6.2,"",3.9,"",.0,"","W",0,"9",.0,"9",1.5,"",.0,"8",.0,"8",.0,"8",.0,"8",.0,"8",.0,"8",.0,"8",.0,"8",.0,"8",.0,"8",.0,"8",.0,"8",.0,"8",.0,"8",.0,"8",.0,"8",0,"",0,"8","R",0,"9",0,"9",0,"8"
"353160230","PI£A","2019","03","06",10.4,"",1.2,"",5.8,"",.4,"",.0,"9","",0,"9",.0,"9",6.5,"",.0,"8",.0,"8",.0,"8",.0,"8",.0,"8",.0,"8",.0,"8",.0,"8",.0,"8",.0,"8",.0,"8",.0,"8",.0,"8",.0,"8",.0,"8",.0,"8",0,"",0,"8","R",0,"9",0,"9",0,"8"
"353160230","PI£A","2019","03","07",14.9,"",5.5,"",9.8,"",3.9,"",.0,"9","",0,"9",.0,"9",1.7,"",.0,"8",.0,"8",.0,"8",.0,"8",.0,"8",.0,"8",.0,"8",.0,"8",.0,"8",.0,"8",.0,"8",.0,"8",.0,"8",.0,"8",.0,"8",.0,"8",0,"",0,"8","R",0,"9",0,"9",0,"8"
"353160230","PI£A","2019","03","08",13.0,"",5.9,"",7.5,"",4.6,"",.1,"","W",0,"9",.0,"9",3.5,"",.0,"8",.0,"8",.0,"8",.0,"8",.0,"8",.0,"8",.0,"8",.0,"8",.0,"8",.0,"8",.0,"8",.0,"8",.0,"8",.0,"8",.0,"8",.0,"8",0,"",0,"8","R",0,"9",0,"9",0,"8"
"353160230","PI£A","2019","03","09",9.6,"",1.4,"",4.8,"",-1.3,"",8.1,"","W",0,"9",.0,"9",2.1,"",.0,"8",.0,"8",.0,"8",.0,"8",.0,"8",.0,"8",.0,"8",.0,"8",.0,"8",.0,"8",.0,"8",.0,"8",.0,"8",.0,"8",.0,"8",.0,"8",0,"",0,"8","R",0,"9",0,"9",0,"8"
"353160230","PI£A","2019","03","10",7.8,"",3.2,"",4.9,"",2.6,"",.2,"","W",0,"9",.0,"9",.9,"",.0,"8",.0,"8",.0,"8",.0,"8",.0,"8",.0,"8",.0,"8",.0,"8",.0,"8",.0,"8",.0,"8",.0,"8",.0,"8",.0,"8",.0,"8",.0,"8",0,"",0,"8","R",0,"9",0,"9",0,"8"
"353160230","PI£A","2019","03","11",4.8,"",.0,"",2.1,"",-1.0,"",.0,"","W",0,"9",.0,"9",1.8,"",.0,"8",.0,"8",.0,"8",.0,"8",.0,"8",.0,"8",.0,"8",.0,"8",.0,"8",.0,"8",.0,"8",.0,"8",.0,"8",.0,"8",.0,"8",.0,"8",0,"",0,"8","Z",5,"",0,"9",0,"8"
"353160230","PI£A","2019","03","12",6.5,"",-2.0,"",2.0,"",-3.7,"",.3,"","W",0,"9",.0,"9",5.1,"",.0,"8",.0,"8",.0,"8",.0,"8",.0,"8",.0,"8",.0,"8",.0,"8",.0,"8",.0,"8",.0,"8",.0,"8",.0,"8",.0,"8",.0,"8",.0,"8",0,"",0,"8","Z",8,"",0,"9",0,"8"
"353160230","PI£A","2019","03","13",8.7,"",2.6,"",5.7,"",1.0,"",1.8,"","W",0,"9",.0,"9",.8,"",.0,"8",.0,"8",.0,"8",.0,"8",.0,"8",.0,"8",.0,"8",.0,"8",.0,"8",.0,"8",.0,"8",.0,"8",.0,"8",.0,"8",.0,"8",.0,"8",0,"",0,"8","R",0,"9",0,"9",0,"8"
"353160230","PI£A","2019","03","14",7.8,"",4.3,"",5.6,"",3.9,"",3.4,"","W",0,"9",.0,"9",2.2,"",.0,"8",.0,"8",.0,"8",.0,"8",.0,"8",.0,"8",.0,"8",.0,"8",.0,"8",.0,"8",.0,"8",.0,"8",.0,"8",.0,"8",.0,"8",.0,"8",0,"",0,"8","R",0,"9",0,"9",0,"8"
"353160230","PI£A","2019","03","15",8.9,"",3.6,"",5.8,"",3.6,"",2.6,"","W",0,"9",.0,"9",1.6,"",.0,"8",.0,"8",.0,"8",.0,"8",.0,"8",.0,"8",.0,"8",.0,"8",.0,"8",.0,"8",.0,"8",.0,"8",.0,"8",.0,"8",.0,"8",.0,"8",0,"",0,"8","R",0,"9",0,"9",0,"8"
"353160230","PI£A","2019","03","16",9.5,"",4.2,"",6.3,"",3.5,"",1.3,"","W",0,"9",.0,"9",3.0,"",.0,"8",.0,"8",.0,"8",.0,"8",.0,"8",.0,"8",.0,"8",.0,"8",.0,"8",.0,"8",.0,"8",.0,"8",.0,"8",.0,"8",.0,"8",.0,"8",0,"",0,"8","R",0,"9",0,"9",0,"8"
"353160230","PI£A","2019","03","17",13.2,"",4.0,"",8.2,"",4.0,"",.1,"","W",0,"9",.0,"9",1.2,"",.0,"8",.0,"8",.0,"8",.0,"8",.0,"8",.0,"8",.0,"8",.0,"8",.0,"8",.0,"8",.0,"8",.0,"8",.0,"8",.0,"8",.0,"8",.0,"8",0,"",0,"8","R",0,"9",0,"9",0,"8"
"353160230","PI£A","2019","03","18",8.3,"",2.6,"",5.3,"",1.7,"",.0,"","W",0,"9",.0,"9",2.0,"",.0,"8",.0,"8",.0,"8",.0,"8",.0,"8",.0,"8",.0,"8",.0,"8",.0,"8",.0,"8",.0,"8",.0,"8",.0,"8",.0,"8",.0,"8",.0,"8",0,"",0,"8","R",0,"9",0,"9",0,"8"
"353160230","PI£A","2019","03","19",9.5,"",2.0,"",4.3,"",1.0,"",.0,"","W",0,"9",.0,"9",4.7,"",.0,"8",.0,"8",.0,"8",.0,"8",.0,"8",.0,"8",.0,"8",.0,"8",.0,"8",.0,"8",.0,"8",.0,"8",.0,"8",.0,"8",.0,"8",.0,"8",0,"",0,"8","R",0,"9",0,"9",0,"8"
"353160230","PI£A","2019","03","20",11.1,"",-3.9,"",5.0,"",-6.6,"",.0,"","W",0,"9",.0,"9",9.2,"",.0,"8",.0,"8",.0,"8",.0,"8",.0,"8",.0,"8",.0,"8",.0,"8",.0,"8",.0,"8",.0,"8",.0,"8",.0,"8",.0,"8",.0,"8",.0,"8",0,"",0,"8","Z",6,"",0,"9",0,"8"
"353160230","PI£A","2019","03","21",13.5,"",7.4,"",10.1,"",6.2,"",.0,"9","",0,"9",.0,"9",3.7,"",.0,"8",.0,"8",.0,"8",.0,"8",.0,"8",.0,"8",.0,"8",.0,"8",.0,"8",.0,"8",.0,"8",.0,"8",.0,"8",.0,"8",.0,"8",.0,"8",0,"",0,"8","R",0,"9",0,"9",0,"8"
"353160230","PI£A","2019","03","22",12.3,"",8.3,"",8.8,"",6.3,"",.0,"9","",0,"9",.0,"9",2.5,"",.0,"8",.0,"8",.0,"8",.0,"8",.0,"8",.0,"8",.0,"8",.0,"8",.0,"8",.0,"8",.0,"8",.0,"8",.0,"8",.0,"8",.0,"8",.0,"8",0,"",0,"8","R",0,"9",0,"9",0,"8"
"353160230","PI£A","2019","03","23",19.2,"",3.0,"",9.7,"",-.7,"",.0,"9","",0,"9",.0,"9",10.0,"",.0,"8",.0,"8",.0,"8",.0,"8",.0,"8",.0,"8",.0,"8",.0,"8",.0,"8",.0,"8",.0,"8",.0,"8",.0,"8",.0,"8",.0,"8",.0,"8",0,"",0,"8","R",0,"9",0,"9",0,"8"
"353160230","PI£A","2019","03","24",10.9,"",4.0,"",6.0,"",1.1,"",.0,"9","",0,"9",.0,"9",6.3,"",.0,"8",.0,"8",.0,"8",.0,"8",.0,"8",.0,"8",.0,"8",.0,"8",.0,"8",.0,"8",.0,"8",.0,"8",.0,"8",.0,"8",.0,"8",.0,"8",0,"",0,"8","R",0,"9",0,"9",0,"8"
"353160230","PI£A","2019","03","25",6.6,"",-2.6,"",2.0,"",-5.5,"",.1,"","W",0,"9",.0,"9",1.6,"",.0,"8",.0,"8",.0,"8",.0,"8",.0,"8",.0,"8",.0,"8",.0,"8",.0,"8",.0,"8",.0,"8",.0,"8",.0,"8",.0,"8",.0,"8",.0,"8",0,"",0,"8","Z",1,"",0,"9",0,"8"
"353160230","PI£A","2019","03","26",7.2,"",-.2,"",2.8,"",-2.1,"",.0,"","W",0,"9",.0,"9",.8,"",.0,"8",.0,"8",.0,"8",.0,"8",.0,"8",.0,"8",.0,"8",.0,"8",.0,"8",.0,"8",.0,"8",.0,"8",.0,"8",.0,"8",.0,"8",.0,"8",0,"",0,"8","R",0,"9",0,"9",0,"8"
"353160230","PI£A","2019","03","27",9.6,"",-5.6,"",3.6,"",-8.8,"",.1,"","W",0,"9",.0,"9",5.7,"",.0,"8",.0,"8",.0,"8",.0,"8",.0,"8",.0,"8",.0,"8",.0,"8",.0,"8",.0,"8",.0,"8",.0,"8",.0,"8",.0,"8",.0,"8",.0,"8",0,"",0,"8","Z",7,"",0,"9",0,"8"
"353160230","PI£A","2019","03","28",13.1,"",5.7,"",8.6,"",2.4,"",.0,"9","",0,"9",.0,"9",4.8,"",.0,"8",.0,"8",.0,"8",.0,"8",.0,"8",.0,"8",.0,"8",.0,"8",.0,"8",.0,"8",.0,"8",.0,"8",.0,"8",.0,"8",.0,"8",.0,"8",0,"",0,"8","R",0,"9",0,"9",0,"8"
"353160230","PI£A","2019","03","29",12.1,"",5.8,"",9.6,"",2.1,"",.0,"9","",0,"9",.0,"9",.0,"9",.0,"8",.0,"8",.0,"8",.0,"8",.0,"8",.0,"8",.0,"8",.0,"8",.0,"8",.0,"8",.0,"8",.0,"8",.0,"8",.0,"8",.0,"8",.0,"8",0,"",0,"8","R",0,"9",0,"9",0,"8"
"353160230","PI£A","2019","03","30",17.6,"",2.5,"",9.6,"",-1.5,"",.0,"9","",0,"9",.0,"9",11.6,"",.0,"8",.0,"8",.0,"8",.0,"8",.0,"8",.0,"8",.0,"8",.0,"8",.0,"8",.0,"8",.0,"8",.0,"8",.0,"8",.0,"8",.0,"8",.0,"8",0,"",0,"8","R",0,"9",0,"9",0,"8"
"353160230","PI£A","2019","03","31",11.8,"",2.5,"",6.1,"",-1.3,"",.0,"9","",0,"9",.0,"9",6.8,"",.0,"8",.0,"8",.0,"8",.0,"8",.0,"8",.0,"8",.0,"8",.0,"8",.0,"8",.0,"8",.0,"8",.0,"8",.0,"8",.0,"8",.0,"8",.0,"8",0,"",0,"8","R",0,"9",0,"9",0,"8"
"353160230","PI£A","2019","04","01",10.1,"",-5.0,"",3.3,"",-8.7,"",.0,"9","",0,"9",.0,"9",11.5,"",.0,"8",.0,"8",.0,"8",.0,"8",.0,"8",.0,"8",.0,"8",.0,"8",.0,"8",.0,"8",.0,"8",.0,"8",.0,"8",.0,"8",.0,"8",.0,"8",0,"",0,"8","Z",1,"",0,"9",0,"8"
"353160230","PI£A","2019","04","02",13.2,"",-1.1,"",7.2,"",-5.7,"",.0,"9","",0,"9",.0,"9",12.2,"",.0,"8",.0,"8",.0,"8",.0,"8",.0,"8",.0,"8",.0,"8",.0,"8",.0,"8",.0,"8",.0,"8",.0,"8",.0,"8",.0,"8",.0,"8",.0,"8",0,"",0,"8","R",0,"9",0,"9",0,"8"
"353160230","PI£A","2019","04","03",16.7,"",4.9,"",10.8,"",3.4,"",.0,"9","",0,"9",.0,"9",11.5,"",.0,"8",.0,"8",.0,"8",.0,"8",.0,"8",.0,"8",.0,"8",.0,"8",.0,"8",.0,"8",.0,"8",.0,"8",.0,"8",.0,"8",.0,"8",.0,"8",0,"",0,"8","R",0,"9",0,"9",0,"8"
"353160230","PI£A","2019","04","04",19.5,"",7.3,"",13.1,"",5.4,"",.0,"9","",0,"9",.0,"9",11.4,"",.0,"8",.0,"8",.0,"8",.0,"8",.0,"8",.0,"8",.0,"8",.0,"8",.0,"8",.0,"8",.0,"8",.0,"8",.0,"8",.0,"8",.0,"8",.0,"8",0,"",0,"8","R",0,"9",0,"9",0,"8"
"353160230","PI£A","2019","04","05",20.5,"",6.8,"",13.7,"",3.2,"",.0,"9","",0,"9",.0,"9",10.9,"",.0,"8",.0,"8",.0,"8",.0,"8",.0,"8",.0,"8",.0,"8",.0,"8",.0,"8",.0,"8",.0,"8",.0,"8",.0,"8",.0,"8",.0,"8",.0,"8",0,"",0,"8","R",0,"9",0,"9",0,"8"
"353160230","PI£A","2019","04","06",19.5,"",6.6,"",12.9,"",2.3,"",.0,"9","",0,"9",.0,"9",11.9,"",.0,"8",.0,"8",.0,"8",.0,"8",.0,"8",.0,"8",.0,"8",.0,"8",.0,"8",.0,"8",.0,"8",.0,"8",.0,"8",.0,"8",.0,"8",.0,"8",0,"",0,"8","R",0,"9",0,"9",0,"8"
"353160230","PI£A","2019","04","07",18.7,"",3.0,"",11.3,"",-.6,"",.0,"9","",0,"9",.0,"9",12.5,"",.0,"8",.0,"8",.0,"8",.0,"8",.0,"8",.0,"8",.0,"8",.0,"8",.0,"8",.0,"8",.0,"8",.0,"8",.0,"8",.0,"8",.0,"8",.0,"8",0,"",0,"8","R",0,"9",0,"9",0,"8"
"353160230","PI£A","2019","04","08",18.7,"",2.1,"",10.0,"",-.6,"",.0,"","W",0,"9",.0,"9",9.5,"",.0,"8",.0,"8",.0,"8",.0,"8",.0,"8",.0,"8",.0,"8",.0,"8",.0,"8",.0,"8",.0,"8",.0,"8",.0,"8",.0,"8",.0,"8",.0,"8",0,"",0,"8","R",0,"9",0,"9",0,"8"
"353160230","PI£A","2019","04","09",9.8,"",3.0,"",4.2,"",1.2,"",.0,"9","",0,"9",.0,"9",2.3,"",.0,"8",.0,"8",.0,"8",.0,"8",.0,"8",.0,"8",.0,"8",.0,"8",.0,"8",.0,"8",.0,"8",.0,"8",.0,"8",.0,"8",.0,"8",.0,"8",0,"",0,"8","R",0,"9",0,"9",0,"8"
"353160230","PI£A","2019","04","10",6.3,"",-3.2,"",2.0,"",-8.1,"",.0,"9","",0,"9",.0,"9",5.7,"",.0,"8",.0,"8",.0,"8",.0,"8",.0,"8",.0,"8",.0,"8",.0,"8",.0,"8",.0,"8",.0,"8",.0,"8",.0,"8",.0,"8",.0,"8",.0,"8",0,"",0,"8","R",0,"9",0,"9",0,"8"
"353160230","PI£A","2019","04","11",4.3,"",-1.7,"",1.7,"",-4.5,"",.0,"9","",0,"9",.0,"9",1.0,"",.0,"8",.0,"8",.0,"8",.0,"8",.0,"8",.0,"8",.0,"8",.0,"8",.0,"8",.0,"8",.0,"8",.0,"8",.0,"8",.0,"8",.0,"8",.0,"8",0,"",0,"8","R",0,"9",0,"9",0,"8"
"353160230","PI£A","2019","04","12",6.1,"",1.0,"",2.9,"",1.0,"",.0,"9","",0,"9",.0,"9",.5,"",.0,"8",.0,"8",.0,"8",.0,"8",.0,"8",.0,"8",.0,"8",.0,"8",.0,"8",.0,"8",.0,"8",.0,"8",.0,"8",.0,"8",.0,"8",.0,"8",0,"",0,"8","R",0,"9",0,"9",0,"8"
"353160230","PI£A","2019","04","13",8.0,"",.5,"",4.3,"",-.1,"",1.0,"","W",0,"9",.0,"9",5.6,"",.0,"8",.0,"8",.0,"8",.0,"8",.0,"8",.0,"8",.0,"8",.0,"8",.0,"8",.0,"8",.0,"8",.0,"8",.0,"8",.0,"8",.0,"8",.0,"8",0,"",0,"8","R",0,"9",0,"9",0,"8"
"353160230","PI£A","2019","04","14",13.5,"",2.0,"",7.1,"",1.9,"",.0,"9","",0,"9",.0,"9",10.1,"",.0,"8",.0,"8",.0,"8",.0,"8",.0,"8",.0,"8",.0,"8",.0,"8",.0,"8",.0,"8",.0,"8",.0,"8",.0,"8",.0,"8",.0,"8",.0,"8",0,"",0,"8","R",0,"9",0,"9",0,"8"
"353160230","PI£A","2019","04","15",13.0,"",-.9,"",6.5,"",-3.2,"",.0,"9","",0,"9",.0,"9",13.0,"",.0,"8",.0,"8",.0,"8",.0,"8",.0,"8",.0,"8",.0,"8",.0,"8",.0,"8",.0,"8",.0,"8",.0,"8",.0,"8",.0,"8",.0,"8",.0,"8",0,"",0,"8","R",0,"9",0,"9",0,"8"
"353160230","PI£A","2019","04","16",14.7,"",-1.8,"",7.3,"",-6.2,"",.0,"9","",0,"9",.0,"9",13.3,"",.0,"8",.0,"8",.0,"8",.0,"8",.0,"8",.0,"8",.0,"8",.0,"8",.0,"8",.0,"8",.0,"8",.0,"8",.0,"8",.0,"8",.0,"8",.0,"8",0,"",0,"8","R",0,"9",0,"9",0,"8"
"353160230","PI£A","2019","04","17",19.4,"",4.3,"",12.4,"",1.7,"",.0,"9","",0,"9",.0,"9",13.0,"",.0,"8",.0,"8",.0,"8",.0,"8",.0,"8",.0,"8",.0,"8",.0,"8",.0,"8",.0,"8",.0,"8",.0,"8",.0,"8",.0,"8",.0,"8",.0,"8",0,"",0,"8","R",0,"9",0,"9",0,"8"
"353160230","PI£A","2019","04","18",21.0,"",3.4,"",13.1,"",-.6,"",.0,"9","",0,"9",.0,"9",13.4,"",.0,"8",.0,"8",.0,"8",.0,"8",.0,"8",.0,"8",.0,"8",.0,"8",.0,"8",.0,"8",.0,"8",.0,"8",.0,"8",.0,"8",.0,"8",.0,"8",0,"",0,"8","R",0,"9",0,"9",0,"8"
"353160230","PI£A","2019","04","19",21.8,"",3.2,"",13.4,"",-1.1,"",.0,"9","",0,"9",.0,"9",13.6,"",.0,"8",.0,"8",.0,"8",.0,"8",.0,"8",.0,"8",.0,"8",.0,"8",.0,"8",.0,"8",.0,"8",.0,"8",.0,"8",.0,"8",.0,"8",.0,"8",0,"",0,"8","R",0,"9",0,"9",0,"8"
"353160230","PI£A","2019","04","20",19.8,"",2.7,"",12.2,"",-2.8,"",.0,"9","",0,"9",.0,"9",12.8,"",.0,"8",.0,"8",.0,"8",.0,"8",.0,"8",.0,"8",.0,"8",.0,"8",.0,"8",.0,"8",.0,"8",.0,"8",.0,"8",.0,"8",.0,"8",.0,"8",0,"",0,"8","R",0,"9",0,"9",0,"8"
"353160230","PI£A","2019","04","21",20.8,"",-.4,"",12.1,"",-3.4,"",.0,"9","",0,"9",.0,"9",13.8,"",.0,"8",.0,"8",.0,"8",.0,"8",.0,"8",.0,"8",.0,"8",.0,"8",.0,"8",.0,"8",.0,"8",.0,"8",.0,"8",.0,"8",.0,"8",.0,"8",0,"",0,"8","R",0,"9",0,"9",0,"8"
"353160230","PI£A","2019","04","22",17.6,"",2.5,"",11.6,"",-.3,"",.0,"9","",0,"9",.0,"9",13.6,"",.0,"8",.0,"8",.0,"8",.0,"8",.0,"8",.0,"8",.0,"8",.0,"8",.0,"8",.0,"8",.0,"8",.0,"8",.0,"8",.0,"8",.0,"8",.0,"8",0,"",0,"8","R",0,"9",0,"9",0,"8"
"353160230","PI£A","2019","04","23",19.2,"",8.5,"",14.6,"",6.8,"",.0,"","W",0,"9",.0,"9",11.4,"",.0,"8",.0,"8",.0,"8",.0,"8",.0,"8",.0,"8",.0,"8",.0,"8",.0,"8",.0,"8",.0,"8",.0,"8",.0,"8",.0,"8",.0,"8",.0,"8",0,"",0,"8","R",0,"9",0,"9",0,"8"
"353160230","PI£A","2019","04","24",18.9,"",11.8,"",15.6,"",11.5,"",.0,"9","",0,"9",.0,"9",2.5,"",.0,"8",.0,"8",.0,"8",.0,"8",.0,"8",.0,"8",.0,"8",.0,"8",.0,"8",.0,"8",.0,"8",.0,"8",.0,"8",.0,"8",.0,"8",.0,"8",0,"",0,"8","R",0,"9",0,"9",0,"8"
"353160230","PI£A","2019","04","25",25.6,"",10.8,"",18.6,"",6.9,"",.0,"9","",0,"9",.0,"9",10.8,"",.0,"8",.0,"8",.0,"8",.0,"8",.0,"8",.0,"8",.0,"8",.0,"8",.0,"8",.0,"8",.0,"8",.0,"8",.0,"8",.0,"8",.0,"8",.0,"8",0,"",0,"8","R",0,"9",0,"9",0,"8"
"353160230","PI£A","2019","04","26",27.5,"",11.2,"",19.7,"",8.2,"",.0,"9","",0,"9",.0,"9",10.4,"",.0,"8",.0,"8",.0,"8",.0,"8",.0,"8",.0,"8",.0,"8",.0,"8",.0,"8",.0,"8",.0,"8",.0,"8",.0,"8",.0,"8",.0,"8",.0,"8",0,"",0,"8","R",0,"9",0,"9",0,"8"
"353160230","PI£A","2019","04","27",23.0,"",10.9,"",11.7,"",10.9,"",.0,"","W",0,"9",.0,"9",.0,"9",.0,"8",.0,"8",.0,"8",.0,"8",.0,"8",.0,"8",.0,"8",.0,"8",.0,"8",.0,"8",.0,"8",.0,"8",.0,"8",.0,"8",.0,"8",.0,"8",0,"",0,"8","R",0,"9",0,"9",0,"8"
"353160230","PI£A","2019","04","28",15.7,"",4.3,"",10.2,"",1.2,"",.8,"","W",0,"9",.0,"9",2.2,"",.0,"8",.0,"8",.0,"8",.0,"8",.0,"8",.0,"8",.0,"8",.0,"8",.0,"8",.0,"8",.0,"8",.0,"8",.0,"8",.0,"8",.0,"8",.0,"8",0,"",0,"8","R",0,"9",0,"9",0,"8"
"353160230","PI£A","2019","04","29",21.6,"",9.4,"",14.1,"",9.4,"",.3,"","W",0,"9",.0,"9",8.5,"",.0,"8",.0,"8",.0,"8",.0,"8",.0,"8",.0,"8",.0,"8",.0,"8",.0,"8",.0,"8",.0,"8",.0,"8",.0,"8",.0,"8",.0,"8",.0,"8",0,"",0,"8","R",0,"9",0,"9",0,"8"
"353160230","PI£A","2019","04","30",20.3,"",4.5,"",12.7,"",3.8,"",.0,"9","",0,"9",.0,"9",13.4,"",.0,"8",.0,"8",.0,"8",.0,"8",.0,"8",.0,"8",.0,"8",.0,"8",.0,"8",.0,"8",.0,"8",.0,"8",.0,"8",.0,"8",.0,"8",.0,"8",0,"",0,"8","R",0,"9",0,"9",0,"8"
"353160230","PI£A","2019","05","01",17.5,"",1.7,"",12.0,"",-1.9,"",.0,"","W",0,"9",.0,"9",6.2,"",.0,"8",.0,"8",.0,"8",.0,"8",.0,"8",.0,"8",.0,"8",.0,"8",.0,"8",.0,"8",.0,"8",.0,"8",.0,"8",.0,"8",.0,"8",.0,"8",0,"",0,"8","R",0,"9",0,"9",0,"8"
"353160230","PI£A","2019","05","02",15.2,"",8.0,"",10.1,"",8.1,"",.4,"","W",0,"9",.0,"9",.1,"",.0,"8",.0,"8",.0,"8",.0,"8",.0,"8",.0,"8",.0,"8",.0,"8",.0,"8",.0,"8",.0,"8",.0,"8",.0,"8",.0,"8",.0,"8",.0,"8",0,"",0,"8","R",0,"9",0,"9",0,"8"
"353160230","PI£A","2019","05","03",11.5,"",4.6,"",7.2,"",3.5,"",.0,"","W",0,"9",.0,"9",6.8,"",.0,"8",.0,"8",.0,"8",.0,"8",.0,"8",.0,"8",.0,"8",.0,"8",.0,"8",.0,"8",.0,"8",.0,"8",.0,"8",.0,"8",.0,"8",.0,"8",0,"",0,"8","R",0,"9",0,"9",0,"8"
"353160230","PI£A","2019","05","04",9.4,"",3.3,"",6.1,"",1.0,"",.0,"","W",0,"9",.0,"9",3.4,"",.0,"8",.0,"8",.0,"8",.0,"8",.0,"8",.0,"8",.0,"8",.0,"8",.0,"8",.0,"8",.0,"8",.0,"8",.0,"8",.0,"8",.0,"8",.0,"8",0,"",0,"8","R",0,"9",0,"9",0,"8"
"353160230","PI£A","2019","05","05",13.2,"",-2.5,"",6.5,"",-6.5,"",.0,"9","",0,"9",.0,"9",10.2,"",.0,"8",.0,"8",.0,"8",.0,"8",.0,"8",.0,"8",.0,"8",.0,"8",.0,"8",.0,"8",.0,"8",.0,"8",.0,"8",.0,"8",.0,"8",.0,"8",0,"",0,"8","R",1,"",0,"9",0,"8"
"353160230","PI£A","2019","05","06",13.5,"",-3.4,"",6.7,"",-7.0,"",.0,"9","",0,"9",.0,"9",10.3,"",.0,"8",.0,"8",.0,"8",.0,"8",.0,"8",.0,"8",.0,"8",.0,"8",.0,"8",.0,"8",.0,"8",.0,"8",.0,"8",.0,"8",.0,"8",.0,"8",0,"",0,"8","R",0,"9",0,"9",0,"8"
"353160230","PI£A","2019","05","07",14.0,"",-.6,"",7.8,"",-5.0,"",.0,"9","",0,"9",.0,"9",10.3,"",.0,"8",.0,"8",.0,"8",.0,"8",.0,"8",.0,"8",.0,"8",.0,"8",.0,"8",.0,"8",.0,"8",.0,"8",.0,"8",.0,"8",.0,"8",.0,"8",0,"",0,"8","R",0,"9",0,"9",0,"8"
"353160230","PI£A","2019","05","08",15.9,"",-.1,"",10.1,"",-2.9,"",.0,"9","",0,"9",.0,"9",6.9,"",.0,"8",.0,"8",.0,"8",.0,"8",.0,"8",.0,"8",.0,"8",.0,"8",.0,"8",.0,"8",.0,"8",.0,"8",.0,"8",.0,"8",.0,"8",.0,"8",0,"",0,"8","R",0,"9",0,"9",0,"8"
"353160230","PI£A","2019","05","09",14.4,"",9.5,"",10.6,"",10.0,"",4.8,"","W",0,"9",.0,"9",.0,"9",.0,"8",.0,"8",.0,"8",.0,"8",.0,"8",.0,"8",.0,"8",.0,"8",.0,"8",.0,"8",.0,"8",.0,"8",.0,"8",.0,"8",.0,"8",.0,"8",0,"",0,"8","R",0,"9",0,"9",0,"8"
"353160230","PI£A","2019","05","10",18.7,"",6.6,"",11.6,"",3.6,"",.4,"","W",0,"9",.0,"9",3.5,"",.0,"8",.0,"8",.0,"8",.0,"8",.0,"8",.0,"8",.0,"8",.0,"8",.0,"8",.0,"8",.0,"8",.0,"8",.0,"8",.0,"8",.0,"8",.0,"8",0,"",0,"8","R",0,"9",0,"9",0,"8"
"353160230","PI£A","2019","05","11",17.3,"",5.9,"",12.1,"",2.8,"",4.8,"","W",0,"9",.0,"9",8.0,"",.0,"8",.0,"8",.0,"8",.0,"8",.0,"8",.0,"8",.0,"8",.0,"8",.0,"8",.0,"8",.0,"8",.0,"8",.0,"8",.0,"8",.0,"8",.0,"8",0,"",0,"8","R",0,"9",0,"9",0,"8"
"353160230","PI£A","2019","05","12",15.3,"",6.5,"",9.5,"",6.3,"",.8,"","W",0,"9",.0,"9",1.5,"",.0,"8",.0,"8",.0,"8",.0,"8",.0,"8",.0,"8",.0,"8",.0,"8",.0,"8",.0,"8",.0,"8",.0,"8",.0,"8",.0,"8",.0,"8",.0,"8",0,"",0,"8","R",0,"9",0,"9",0,"8"
"353160230","PI£A","2019","05","13",13.5,"",6.0,"",9.0,"",3.8,"",.0,"9","",0,"9",.0,"9",6.2,"",.0,"8",.0,"8",.0,"8",.0,"8",.0,"8",.0,"8",.0,"8",.0,"8",.0,"8",.0,"8",.0,"8",.0,"8",.0,"8",.0,"8",.0,"8",.0,"8",0,"",0,"8","R",0,"9",0,"9",0,"8"
"353160230","PI£A","2019","05","14",13.9,"",2.8,"",8.7,"",-.5,"",.6,"","W",0,"9",.0,"9",9.5,"",.0,"8",.0,"8",.0,"8",.0,"8",.0,"8",.0,"8",.0,"8",.0,"8",.0,"8",.0,"8",.0,"8",.0,"8",.0,"8",.0,"8",.0,"8",.0,"8",0,"",0,"8","R",0,"9",0,"9",0,"8"
"353160230","PI£A","2019","05","15",13.8,"",5.8,"",8.3,"",5.4,"",9.0,"","W",0,"9",.0,"9",1.0,"",.0,"8",.0,"8",.0,"8",.0,"8",.0,"8",.0,"8",.0,"8",.0,"8",.0,"8",.0,"8",.0,"8",.0,"8",.0,"8",.0,"8",.0,"8",.0,"8",0,"",0,"8","R",0,"9",0,"9",0,"8"
"353160230","PI£A","2019","05","16",14.4,"",7.6,"",11.9,"",7.5,"",17.8,"","W",0,"9",.0,"9",.0,"9",.0,"8",.0,"8",.0,"8",.0,"8",.0,"8",.0,"8",.0,"8",.0,"8",.0,"8",.0,"8",.0,"8",.0,"8",.0,"8",.0,"8",.0,"8",.0,"8",0,"",0,"8","R",0,"9",0,"9",0,"8"
"353160230","PI£A","2019","05","17",19.4,"",11.7,"",14.4,"",9.8,"",.0,"9","",0,"9",.0,"9",2.4,"",.0,"8",.0,"8",.0,"8",.0,"8",.0,"8",.0,"8",.0,"8",.0,"8",.0,"8",.0,"8",.0,"8",.0,"8",.0,"8",.0,"8",.0,"8",.0,"8",0,"",0,"8","R",0,"9",0,"9",0,"8"
"353160230","PI£A","2019","05","18",23.3,"",9.0,"",16.4,"",6.0,"",.0,"9","",0,"9",.0,"9",7.8,"",.0,"8",.0,"8",.0,"8",.0,"8",.0,"8",.0,"8",.0,"8",.0,"8",.0,"8",.0,"8",.0,"8",.0,"8",.0,"8",.0,"8",.0,"8",.0,"8",0,"",0,"8","R",0,"9",0,"9",0,"8"
"353160230","PI£A","2019","05","19",23.4,"",12.1,"",18.3,"",7.9,"",.0,"9","",0,"9",.0,"9",9.2,"",.0,"8",.0,"8",.0,"8",.0,"8",.0,"8",.0,"8",.0,"8",.0,"8",.0,"8",.0,"8",.0,"8",.0,"8",.0,"8",.0,"8",.0,"8",.0,"8",0,"",0,"8","R",0,"9",0,"9",0,"8"
"353160230","PI£A","2019","05","20",24.0,"",12.7,"",18.2,"",9.7,"",1.2,"","W",0,"9",.0,"9",7.6,"",.0,"8",.0,"8",.0,"8",.0,"8",.0,"8",.0,"8",.0,"8",.0,"8",.0,"8",.0,"8",.0,"8",.0,"8",.0,"8",.0,"8",.0,"8",.0,"8",0,"",0,"8","R",0,"9",0,"9",0,"8"
"353160230","PI£A","2019","05","21",24.1,"",13.0,"",19.2,"",10.8,"",.7,"","W",0,"9",.0,"9",8.1,"",.0,"8",.0,"8",.0,"8",.0,"8",.0,"8",.0,"8",.0,"8",.0,"8",.0,"8",.0,"8",.0,"8",.0,"8",.0,"8",.0,"8",.0,"8",.0,"8",0,"",0,"8","R",0,"9",0,"9",0,"8"
"353160230","PI£A","2019","05","22",21.9,"",15.0,"",16.2,"",14.8,"",.0,"","W",0,"9",.0,"9",2.7,"",.0,"8",.0,"8",.0,"8",.0,"8",.0,"8",.0,"8",.0,"8",.0,"8",.0,"8",.0,"8",.0,"8",.0,"8",.0,"8",.0,"8",.0,"8",.0,"8",0,"",0,"8","R",0,"9",0,"9",0,"8"
"353160230","PI£A","2019","05","23",17.6,"",11.0,"",13.3,"",11.0,"",.0,"9","",0,"9",.0,"9",3.0,"",.0,"8",.0,"8",.0,"8",.0,"8",.0,"8",.0,"8",.0,"8",.0,"8",.0,"8",.0,"8",.0,"8",.0,"8",.0,"8",.0,"8",.0,"8",.0,"8",0,"",0,"8","R",0,"9",0,"9",0,"8"
"353160230","PI£A","2019","05","24",21.1,"",3.7,"",13.8,"",1.0,"",.0,"9","",0,"9",.0,"9",10.3,"",.0,"8",.0,"8",.0,"8",.0,"8",.0,"8",.0,"8",.0,"8",.0,"8",.0,"8",.0,"8",.0,"8",.0,"8",.0,"8",.0,"8",.0,"8",.0,"8",0,"",0,"8","R",0,"9",0,"9",0,"8"
"353160230","PI£A","2019","05","25",18.3,"",7.6,"",13.3,"",4.8,"",.0,"9","",0,"9",.0,"9",7.8,"",.0,"8",.0,"8",.0,"8",.0,"8",.0,"8",.0,"8",.0,"8",.0,"8",.0,"8",.0,"8",.0,"8",.0,"8",.0,"8",.0,"8",.0,"8",.0,"8",0,"",0,"8","R",0,"9",0,"9",0,"8"
"353160230","PI£A","2019","05","26",20.5,"",11.4,"",15.8,"",11.0,"",.0,"9","",0,"9",.0,"9",6.5,"",.0,"8",.0,"8",.0,"8",.0,"8",.0,"8",.0,"8",.0,"8",.0,"8",.0,"8",.0,"8",.0,"8",.0,"8",.0,"8",.0,"8",.0,"8",.0,"8",0,"",0,"8","R",0,"9",0,"9",0,"8"
"353160230","PI£A","2019","05","27",21.9,"",13.9,"",17.7,"",10.6,"",5.0,"","W",0,"9",.0,"9",1.6,"",.0,"8",.0,"8",.0,"8",.0,"8",.0,"8",.0,"8",.0,"8",.0,"8",.0,"8",.0,"8",.0,"8",.0,"8",.0,"8",.0,"8",.0,"8",.0,"8",0,"",0,"8","R",0,"9",0,"9",0,"8"
"353160230","PI£A","2019","05","28",17.3,"",12.7,"",13.7,"",13.1,"",1.2,"","W",0,"9",.0,"9",.0,"9",.0,"8",.0,"8",.0,"8",.0,"8",.0,"8",.0,"8",.0,"8",.0,"8",.0,"8",.0,"8",.0,"8",.0,"8",.0,"8",.0,"8",.0,"8",.0,"8",0,"",0,"8","R",0,"9",0,"9",0,"8"
"353160230","PI£A","2019","05","29",15.4,"",6.9,"",11.0,"",4.7,"",.0,"9","",0,"9",.0,"9",11.9,"",.0,"8",.0,"8",.0,"8",.0,"8",.0,"8",.0,"8",.0,"8",.0,"8",.0,"8",.0,"8",.0,"8",.0,"8",.0,"8",.0,"8",.0,"8",.0,"8",0,"",0,"8","R",0,"9",0,"9",0,"8"
"353160230","PI£A","2019","05","30",19.7,"",-.5,"",11.8,"",-2.8,"",.0,"9","",0,"9",.0,"9",14.9,"",.0,"8",.0,"8",.0,"8",.0,"8",.0,"8",.0,"8",.0,"8",.0,"8",.0,"8",.0,"8",.0,"8",.0,"8",.0,"8",.0,"8",.0,"8",.0,"8",0,"",0,"8","R",0,"9",0,"9",0,"8"
"353160230","PI£A","2019","05","31",22.8,"",12.0,"",16.9,"",9.3,"",4.5,"","W",0,"9",.0,"9",3.8,"",.0,"8",.0,"8",.0,"8",.0,"8",.0,"8",.0,"8",.0,"8",.0,"8",.0,"8",.0,"8",.0,"8",.0,"8",.0,"8",.0,"8",.0,"8",.0,"8",0,"",0,"8","R",0,"9",0,"9",0,"8"
"353160230","PI£A","2019","06","01",26.4,"",10.9,"",19.1,"",9.0,"",.0,"9","",0,"9",.0,"9",11.3,"",.0,"8",.0,"8",.0,"8",.0,"8",.0,"8",.0,"8",.0,"8",.0,"8",.0,"8",.0,"8",.0,"8",.0,"8",.0,"8",.0,"8",.0,"8",.0,"8",0,"",0,"8","R",0,"9",0,"9",0,"8"
"353160230","PI£A","2019","06","02",27.3,"",13.4,"",21.3,"",11.2,"",.0,"9","",0,"9",.0,"9",15.0,"",.0,"8",.0,"8",.0,"8",.0,"8",.0,"8",.0,"8",.0,"8",.0,"8",.0,"8",.0,"8",.0,"8",.0,"8",.0,"8",.0,"8",.0,"8",.0,"8",0,"",0,"8","R",0,"9",0,"9",0,"8"
"353160230","PI£A","2019","06","03",30.2,"",13.6,"",23.4,"",11.5,"",.0,"9","",0,"9",.0,"9",15.6,"",.0,"8",.0,"8",.0,"8",.0,"8",.0,"8",.0,"8",.0,"8",.0,"8",.0,"8",.0,"8",.0,"8",.0,"8",.0,"8",.0,"8",.0,"8",.0,"8",0,"",0,"8","R",0,"9",0,"9",0,"8"
"353160230","PI£A","2019","06","04",30.3,"",16.6,"",24.2,"",13.2,"",.0,"9","",0,"9",.0,"9",13.2,"",.0,"8",.0,"8",.0,"8",.0,"8",.0,"8",.0,"8",.0,"8",.0,"8",.0,"8",.0,"8",.0,"8",.0,"8",.0,"8",.0,"8",.0,"8",.0,"8",0,"",0,"8","R",0,"9",0,"9",0,"8"
"353160230","PI£A","2019","06","05",30.6,"",16.3,"",24.6,"",13.7,"",.0,"9","",0,"9",.0,"9",13.9,"",.0,"8",.0,"8",.0,"8",.0,"8",.0,"8",.0,"8",.0,"8",.0,"8",.0,"8",.0,"8",.0,"8",.0,"8",.0,"8",.0,"8",.0,"8",.0,"8",0,"",0,"8","R",0,"9",0,"9",0,"8"
"353160230","PI£A","2019","06","06",29.5,"",18.5,"",24.2,"",16.0,"",1.9,"","W",0,"9",.0,"9",13.6,"",.0,"8",.0,"8",.0,"8",.0,"8",.0,"8",.0,"8",.0,"8",.0,"8",.0,"8",.0,"8",.0,"8",.0,"8",.0,"8",.0,"8",.0,"8",.0,"8",0,"",0,"8","R",0,"9",0,"9",0,"8"
"353160230","PI£A","2019","06","07",27.0,"",16.9,"",20.2,"",16.3,"",.0,"","W",0,"9",.0,"9",8.2,"",.0,"8",.0,"8",.0,"8",.0,"8",.0,"8",.0,"8",.0,"8",.0,"8",.0,"8",.0,"8",.0,"8",.0,"8",.0,"8",.0,"8",.0,"8",.0,"8",0,"",0,"8","R",0,"9",0,"9",0,"8"
"353160230","PI£A","2019","06","08",23.9,"",13.1,"",18.4,"",11.1,"",.0,"9","",0,"9",.0,"9",9.5,"",.0,"8",.0,"8",.0,"8",.0,"8",.0,"8",.0,"8",.0,"8",.0,"8",.0,"8",.0,"8",.0,"8",.0,"8",.0,"8",.0,"8",.0,"8",.0,"8",0,"",0,"8","R",0,"9",0,"9",0,"8"
"353160230","PI£A","2019","06","09",25.7,"",6.6,"",18.2,"",3.5,"",.0,"9","",0,"9",.0,"9",14.4,"",.0,"8",.0,"8",.0,"8",.0,"8",.0,"8",.0,"8",.0,"8",.0,"8",.0,"8",.0,"8",.0,"8",.0,"8",.0,"8",.0,"8",.0,"8",.0,"8",0,"",0,"8","R",0,"9",0,"9",0,"8"
"353160230","PI£A","2019","06","10",30.4,"",17.6,"",22.6,"",15.3,"",2.2,"","W",0,"9",.0,"9",5.4,"",.0,"8",.0,"8",.0,"8",.0,"8",.0,"8",.0,"8",.0,"8",.0,"8",.0,"8",.0,"8",.0,"8",.0,"8",.0,"8",.0,"8",.0,"8",.0,"8",0,"",0,"8","R",0,"9",0,"9",0,"8"
"353160230","PI£A","2019","06","11",34.5,"",18.7,"",27.2,"",17.6,"",.0,"9","",0,"9",.0,"9",12.7,"",.0,"8",.0,"8",.0,"8",.0,"8",.0,"8",.0,"8",.0,"8",.0,"8",.0,"8",.0,"8",.0,"8",.0,"8",.0,"8",.0,"8",.0,"8",.0,"8",0,"",0,"8","R",0,"9",0,"9",0,"8"
"353160230","PI£A","2019","06","12",34.1,"",20.7,"",28.5,"",17.0,"",2.9,"","W",0,"9",.0,"9",13.8,"",.0,"8",.0,"8",.0,"8",.0,"8",.0,"8",.0,"8",.0,"8",.0,"8",.0,"8",.0,"8",.0,"8",.0,"8",.0,"8",.0,"8",.0,"8",.0,"8",0,"",0,"8","R",0,"9",0,"9",0,"8"
"353160230","PI£A","2019","06","13",31.4,"",18.5,"",21.1,"",18.3,"",.3,"","W",0,"9",.0,"9",4.4,"",.0,"8",.0,"8",.0,"8",.0,"8",.0,"8",.0,"8",.0,"8",.0,"8",.0,"8",.0,"8",.0,"8",.0,"8",.0,"8",.0,"8",.0,"8",.0,"8",0,"",0,"8","R",0,"9",0,"9",0,"8"
"353160230","PI£A","2019","06","14",28.1,"",13.8,"",21.8,"",11.2,"",.0,"9","",0,"9",.0,"9",11.9,"",.0,"8",.0,"8",.0,"8",.0,"8",.0,"8",.0,"8",.0,"8",.0,"8",.0,"8",.0,"8",.0,"8",.0,"8",.0,"8",.0,"8",.0,"8",.0,"8",0,"",0,"8","R",0,"9",0,"9",0,"8"
"353160230","PI£A","2019","06","15",31.0,"",17.2,"",24.2,"",16.0,"",2.4,"","W",0,"9",.0,"9",10.1,"",.0,"8",.0,"8",.0,"8",.0,"8",.0,"8",.0,"8",.0,"8",.0,"8",.0,"8",.0,"8",.0,"8",.0,"8",.0,"8",.0,"8",.0,"8",.0,"8",0,"",0,"8","R",0,"9",0,"9",0,"8"
"353160230","PI£A","2019","06","16",28.3,"",17.0,"",19.4,"",16.3,"",.0,"9","",0,"9",.0,"9",6.2,"",.0,"8",.0,"8",.0,"8",.0,"8",.0,"8",.0,"8",.0,"8",.0,"8",.0,"8",.0,"8",.0,"8",.0,"8",.0,"8",.0,"8",.0,"8",.0,"8",0,"",0,"8","R",0,"9",0,"9",0,"8"
"353160230","PI£A","2019","06","17",25.5,"",9.6,"",19.0,"",7.3,"",.0,"9","",0,"9",.0,"9",11.8,"",.0,"8",.0,"8",.0,"8",.0,"8",.0,"8",.0,"8",.0,"8",.0,"8",.0,"8",.0,"8",.0,"8",.0,"8",.0,"8",.0,"8",.0,"8",.0,"8",0,"",0,"8","R",0,"9",0,"9",0,"8"
"353160230","PI£A","2019","06","18",27.3,"",12.1,"",21.1,"",9.5,"",.0,"9","",0,"9",.0,"9",14.6,"",.0,"8",.0,"8",.0,"8",.0,"8",.0,"8",.0,"8",.0,"8",.0,"8",.0,"8",.0,"8",.0,"8",.0,"8",.0,"8",.0,"8",.0,"8",.0,"8",0,"",0,"8","R",0,"9",0,"9",0,"8"
"353160230","PI£A","2019","06","19",30.4,"",14.6,"",23.9,"",11.9,"",.0,"9","",0,"9",.0,"9",14.1,"",.0,"8",.0,"8",.0,"8",.0,"8",.0,"8",.0,"8",.0,"8",.0,"8",.0,"8",.0,"8",.0,"8",.0,"8",.0,"8",.0,"8",.0,"8",.0,"8",0,"",0,"8","R",0,"9",0,"9",0,"8"
"353160230","PI£A","2019","06","20",31.0,"",17.2,"",23.4,"",14.8,"",4.8,"","W",0,"9",.0,"9",11.4,"",.0,"8",.0,"8",.0,"8",.0,"8",.0,"8",.0,"8",.0,"8",.0,"8",.0,"8",.0,"8",.0,"8",.0,"8",.0,"8",.0,"8",.0,"8",.0,"8",0,"",0,"8","R",0,"9",0,"9",0,"8"
"353160230","PI£A","2019","06","21",26.8,"",16.5,"",20.7,"",14.5,"",.0,"9","",0,"9",.0,"9",7.6,"",.0,"8",.0,"8",.0,"8",.0,"8",.0,"8",.0,"8",.0,"8",.0,"8",.0,"8",.0,"8",.0,"8",.0,"8",.0,"8",.0,"8",.0,"8",.0,"8",0,"",0,"8","R",0,"9",0,"9",0,"8"
"353160230","PI£A","2019","06","22",24.5,"",11.4,"",19.1,"",8.9,"",.0,"9","",0,"9",.0,"9",9.6,"",.0,"8",.0,"8",.0,"8",.0,"8",.0,"8",.0,"8",.0,"8",.0,"8",.0,"8",.0,"8",.0,"8",.0,"8",.0,"8",.0,"8",.0,"8",.0,"8",0,"",0,"8","R",0,"9",0,"9",0,"8"
"353160230","PI£A","2019","06","23",25.8,"",12.1,"",19.7,"",10.7,"",.0,"9","",0,"9",.0,"9",14.8,"",.0,"8",.0,"8",.0,"8",.0,"8",.0,"8",.0,"8",.0,"8",.0,"8",.0,"8",.0,"8",.0,"8",.0,"8",.0,"8",.0,"8",.0,"8",.0,"8",0,"",0,"8","R",0,"9",0,"9",0,"8"
"353160230","PI£A","2019","06","24",28.0,"",10.9,"",20.7,"",7.7,"",.0,"9","",0,"9",.0,"9",16.0,"",.0,"8",.0,"8",.0,"8",.0,"8",.0,"8",.0,"8",.0,"8",.0,"8",.0,"8",.0,"8",.0,"8",.0,"8",.0,"8",.0,"8",.0,"8",.0,"8",0,"",0,"8","R",0,"9",0,"9",0,"8"
"353160230","PI£A","2019","06","25",32.1,"",15.4,"",25.1,"",11.5,"",.0,"9","",0,"9",.0,"9",14.3,"",.0,"8",.0,"8",.0,"8",.0,"8",.0,"8",.0,"8",.0,"8",.0,"8",.0,"8",.0,"8",.0,"8",.0,"8",.0,"8",.0,"8",.0,"8",.0,"8",0,"",0,"8","R",0,"9",0,"9",0,"8"
"353160230","PI£A","2019","06","26",36.8,"",17.7,"",28.6,"",15.7,"",.0,"9","",0,"9",.0,"9",13.4,"",.0,"8",.0,"8",.0,"8",.0,"8",.0,"8",.0,"8",.0,"8",.0,"8",.0,"8",.0,"8",.0,"8",.0,"8",.0,"8",.0,"8",.0,"8",.0,"8",0,"",0,"8","R",0,"9",0,"9",0,"8"
"353160230","PI£A","2019","06","27",33.2,"",17.1,"",19.0,"",17.9,"",.0,"9","",0,"9",.0,"9",7.9,"",.0,"8",.0,"8",.0,"8",.0,"8",.0,"8",.0,"8",.0,"8",.0,"8",.0,"8",.0,"8",.0,"8",.0,"8",.0,"8",.0,"8",.0,"8",.0,"8",0,"",0,"8","R",0,"9",0,"9",0,"8"
"353160230","PI£A","2019","06","28",24.5,"",10.4,"",18.1,"",8.5,"",.0,"9","",0,"9",.0,"9",4.4,"",.0,"8",.0,"8",.0,"8",.0,"8",.0,"8",.0,"8",.0,"8",.0,"8",.0,"8",.0,"8",.0,"8",.0,"8",.0,"8",.0,"8",.0,"8",.0,"8",0,"",0,"8","R",0,"9",0,"9",0,"8"
"353160230","PI£A","2019","06","29",29.3,"",9.9,"",21.1,"",6.4,"",.0,"9","",0,"9",.0,"9",15.3,"",.0,"8",.0,"8",.0,"8",.0,"8",.0,"8",.0,"8",.0,"8",.0,"8",.0,"8",.0,"8",.0,"8",.0,"8",.0,"8",.0,"8",.0,"8",.0,"8",0,"",0,"8","R",0,"9",0,"9",0,"8"
"353160230","PI£A","2019","06","30",37.4,"",12.1,"",27.1,"",9.7,"",.0,"9","",0,"9",.0,"9",15.5,"",.0,"8",.0,"8",.0,"8",.0,"8",.0,"8",.0,"8",.0,"8",.0,"8",.0,"8",.0,"8",.0,"8",.0,"8",.0,"8",.0,"8",.0,"8",.0,"8",0,"",0,"8","R",0,"9",0,"9",0,"8"
"353160230","PI£A","2019","07","01",35.3,"",18.9,"",22.6,"",18.1,"",.0,"","W",0,"9",.0,"9",8.5,"",.0,"8",.0,"8",.0,"8",.0,"8",.0,"8",.0,"8",.0,"8",.0,"8",.0,"8",.0,"8",.0,"8",.0,"8",.0,"8",.0,"8",.0,"8",.0,"8",0,"",0,"8","R",0,"9",0,"9",0,"8"
"353160230","PI£A","2019","07","02",25.3,"",13.5,"",17.1,"",9.8,"",.0,"","W",0,"9",.0,"9",5.6,"",.0,"8",.0,"8",.0,"8",.0,"8",.0,"8",.0,"8",.0,"8",.0,"8",.0,"8",.0,"8",.0,"8",.0,"8",.0,"8",.0,"8",.0,"8",.0,"8",0,"",0,"8","R",0,"9",0,"9",0,"8"
"353160230","PI£A","2019","07","03",18.9,"",9.9,"",14.3,"",8.3,"",.0,"","W",0,"9",.0,"9",7.6,"",.0,"8",.0,"8",.0,"8",.0,"8",.0,"8",.0,"8",.0,"8",.0,"8",.0,"8",.0,"8",.0,"8",.0,"8",.0,"8",.0,"8",.0,"8",.0,"8",0,"",0,"8","R",0,"9",0,"9",0,"8"
"353160230","PI£A","2019","07","04",20.6,"",8.1,"",15.8,"",3.7,"",1.8,"","W",0,"9",.0,"9",8.5,"",.0,"8",.0,"8",.0,"8",.0,"8",.0,"8",.0,"8",.0,"8",.0,"8",.0,"8",.0,"8",.0,"8",.0,"8",.0,"8",.0,"8",.0,"8",.0,"8",0,"",0,"8","R",0,"9",0,"9",0,"8"
"353160230","PI£A","2019","07","05",20.3,"",13.2,"",15.6,"",13.0,"",.8,"","W",0,"9",.0,"9",3.1,"",.0,"8",.0,"8",.0,"8",.0,"8",.0,"8",.0,"8",.0,"8",.0,"8",.0,"8",.0,"8",.0,"8",.0,"8",.0,"8",.0,"8",.0,"8",.0,"8",0,"",0,"8","R",0,"9",0,"9",0,"8"
"353160230","PI£A","2019","07","06",20.6,"",13.6,"",16.0,"",12.6,"",1.8,"","W",0,"9",.0,"9",.0,"9",.0,"8",.0,"8",.0,"8",.0,"8",.0,"8",.0,"8",.0,"8",.0,"8",.0,"8",.0,"8",.0,"8",.0,"8",.0,"8",.0,"8",.0,"8",.0,"8",0,"",0,"8","R",0,"9",0,"9",0,"8"
"353160230","PI£A","2019","07","07",17.9,"",11.1,"",14.4,"",9.9,"",.0,"","W",0,"9",.0,"9",4.8,"",.0,"8",.0,"8",.0,"8",.0,"8",.0,"8",.0,"8",.0,"8",.0,"8",.0,"8",.0,"8",.0,"8",.0,"8",.0,"8",.0,"8",.0,"8",.0,"8",0,"",0,"8","R",0,"9",0,"9",0,"8"
"353160230","PI£A","2019","07","08",17.1,"",9.9,"",13.9,"",9.0,"",.5,"","W",0,"9",.0,"9",3.5,"",.0,"8",.0,"8",.0,"8",.0,"8",.0,"8",.0,"8",.0,"8",.0,"8",.0,"8",.0,"8",.0,"8",.0,"8",.0,"8",.0,"8",.0,"8",.0,"8",0,"",0,"8","R",0,"9",0,"9",0,"8"
"353160230","PI£A","2019","07","09",21.1,"",10.2,"",15.7,"",6.9,"",.5,"","W",0,"9",.0,"9",4.4,"",.0,"8",.0,"8",.0,"8",.0,"8",.0,"8",.0,"8",.0,"8",.0,"8",.0,"8",.0,"8",.0,"8",.0,"8",.0,"8",.0,"8",.0,"8",.0,"8",0,"",0,"8","R",0,"9",0,"9",0,"8"
"353160230","PI£A","2019","07","10",22.8,"",12.5,"",17.3,"",11.7,"",.6,"","W",0,"9",.0,"9",7.1,"",.0,"8",.0,"8",.0,"8",.0,"8",.0,"8",.0,"8",.0,"8",.0,"8",.0,"8",.0,"8",.0,"8",.0,"8",.0,"8",.0,"8",.0,"8",.0,"8",0,"",0,"8","R",0,"9",0,"9",0,"8"
"353160230","PI£A","2019","07","11",24.9,"",9.3,"",18.2,"",5.2,"",.0,"9","",0,"9",.0,"9",10.3,"",.0,"8",.0,"8",.0,"8",.0,"8",.0,"8",.0,"8",.0,"8",.0,"8",.0,"8",.0,"8",.0,"8",.0,"8",.0,"8",.0,"8",.0,"8",.0,"8",0,"",0,"8","R",0,"9",0,"9",0,"8"
"353160230","PI£A","2019","07","12",24.7,"",9.9,"",18.4,"",6.3,"",.0,"","W",0,"9",.0,"9",7.1,"",.0,"8",.0,"8",.0,"8",.0,"8",.0,"8",.0,"8",.0,"8",.0,"8",.0,"8",.0,"8",.0,"8",.0,"8",.0,"8",.0,"8",.0,"8",.0,"8",0,"",0,"8","R",0,"9",0,"9",0,"8"
"353160230","PI£A","2019","07","13",23.2,"",16.2,"",18.6,"",14.8,"",3.1,"","W",0,"9",.0,"9",5.1,"",.0,"8",.0,"8",.0,"8",.0,"8",.0,"8",.0,"8",.0,"8",.0,"8",.0,"8",.0,"8",.0,"8",.0,"8",.0,"8",.0,"8",.0,"8",.0,"8",0,"",0,"8","R",0,"9",0,"9",0,"8"
"353160230","PI£A","2019","07","14",25.0,"",13.9,"",19.3,"",12.6,"",.0,"9","",0,"9",.0,"9",11.7,"",.0,"8",.0,"8",.0,"8",.0,"8",.0,"8",.0,"8",.0,"8",.0,"8",.0,"8",.0,"8",.0,"8",.0,"8",.0,"8",.0,"8",.0,"8",.0,"8",0,"",0,"8","R",0,"9",0,"9",0,"8"
"353160230","PI£A","2019","07","15",23.7,"",8.6,"",16.7,"",4.5,"",.0,"9","",0,"9",.0,"9",7.8,"",.0,"8",.0,"8",.0,"8",.0,"8",.0,"8",.0,"8",.0,"8",.0,"8",.0,"8",.0,"8",.0,"8",.0,"8",.0,"8",.0,"8",.0,"8",.0,"8",0,"",0,"8","R",0,"9",0,"9",0,"8"
"353160230","PI£A","2019","07","16",20.6,"",13.2,"",16.1,"",13.8,"",1.9,"","W",0,"9",.0,"9",1.9,"",.0,"8",.0,"8",.0,"8",.0,"8",.0,"8",.0,"8",.0,"8",.0,"8",.0,"8",.0,"8",.0,"8",.0,"8",.0,"8",.0,"8",.0,"8",.0,"8",0,"",0,"8","R",0,"9",0,"9",0,"8"
"353160230","PI£A","2019","07","17",22.6,"",11.9,"",17.0,"",11.0,"",.0,"9","",0,"9",.0,"9",9.8,"",.0,"8",.0,"8",.0,"8",.0,"8",.0,"8",.0,"8",.0,"8",.0,"8",.0,"8",.0,"8",.0,"8",.0,"8",.0,"8",.0,"8",.0,"8",.0,"8",0,"",0,"8","R",0,"9",0,"9",0,"8"
"353160230","PI£A","2019","07","18",24.9,"",9.4,"",17.7,"",6.4,"",.0,"9","",0,"9",.0,"9",12.9,"",.0,"8",.0,"8",.0,"8",.0,"8",.0,"8",.0,"8",.0,"8",.0,"8",.0,"8",.0,"8",.0,"8",.0,"8",.0,"8",.0,"8",.0,"8",.0,"8",0,"",0,"8","R",0,"9",0,"9",0,"8"
"353160230","PI£A","2019","07","19",28.5,"",10.6,"",19.0,"",6.8,"",1.8,"","W",0,"9",.0,"9",6.1,"",.0,"8",.0,"8",.0,"8",.0,"8",.0,"8",.0,"8",.0,"8",.0,"8",.0,"8",.0,"8",.0,"8",.0,"8",.0,"8",.0,"8",.0,"8",.0,"8",0,"",0,"8","R",0,"9",0,"9",0,"8"
"353160230","PI£A","2019","07","20",28.9,"",14.2,"",22.4,"",11.9,"",1.3,"","W",0,"9",.0,"9",10.3,"",.0,"8",.0,"8",.0,"8",.0,"8",.0,"8",.0,"8",.0,"8",.0,"8",.0,"8",.0,"8",.0,"8",.0,"8",.0,"8",.0,"8",.0,"8",.0,"8",0,"",0,"8","R",0,"9",0,"9",0,"8"
"353160230","PI£A","2019","07","21",27.4,"",16.4,"",20.8,"",14.1,"",.0,"","W",0,"9",.0,"9",8.9,"",.0,"8",.0,"8",.0,"8",.0,"8",.0,"8",.0,"8",.0,"8",.0,"8",.0,"8",.0,"8",.0,"8",.0,"8",.0,"8",.0,"8",.0,"8",.0,"8",0,"",0,"8","R",0,"9",0,"9",0,"8"
"353160230","PI£A","2019","07","22",23.6,"",13.0,"",18.7,"",10.1,"",1.0,"","W",0,"9",.0,"9",5.8,"",.0,"8",.0,"8",.0,"8",.0,"8",.0,"8",.0,"8",.0,"8",.0,"8",.0,"8",.0,"8",.0,"8",.0,"8",.0,"8",.0,"8",.0,"8",.0,"8",0,"",0,"8","R",0,"9",0,"9",0,"8"
"353160230","PI£A","2019","07","23",22.9,"",15.4,"",19.0,"",15.5,"",.7,"","W",0,"9",.0,"9",.3,"",.0,"8",.0,"8",.0,"8",.0,"8",.0,"8",.0,"8",.0,"8",.0,"8",.0,"8",.0,"8",.0,"8",.0,"8",.0,"8",.0,"8",.0,"8",.0,"8",0,"",0,"8","R",0,"9",0,"9",0,"8"
"353160230","PI£A","2019","07","24",28.4,"",14.3,"",22.0,"",11.7,"",.0,"9","",0,"9",.0,"9",6.8,"",.0,"8",.0,"8",.0,"8",.0,"8",.0,"8",.0,"8",.0,"8",.0,"8",.0,"8",.0,"8",.0,"8",.0,"8",.0,"8",.0,"8",.0,"8",.0,"8",0,"",0,"8","R",0,"9",0,"9",0,"8"
"353160230","PI£A","2019","07","25",31.7,"",15.6,"",24.2,"",12.6,"",.0,"9","",0,"9",.0,"9",13.5,"",.0,"8",.0,"8",.0,"8",.0,"8",.0,"8",.0,"8",.0,"8",.0,"8",.0,"8",.0,"8",.0,"8",.0,"8",.0,"8",.0,"8",.0,"8",.0,"8",0,"",0,"8","R",0,"9",0,"9",0,"8"
"353160230","PI£A","2019","07","26",28.7,"",15.8,"",22.4,"",12.3,"",.0,"9","",0,"9",.0,"9",12.4,"",.0,"8",.0,"8",.0,"8",.0,"8",.0,"8",.0,"8",.0,"8",.0,"8",.0,"8",.0,"8",.0,"8",.0,"8",.0,"8",.0,"8",.0,"8",.0,"8",0,"",0,"8","R",0,"9",0,"9",0,"8"
"353160230","PI£A","2019","07","27",27.5,"",15.8,"",20.8,"",12.5,"",.2,"","W",0,"9",.0,"9",9.3,"",.0,"8",.0,"8",.0,"8",.0,"8",.0,"8",.0,"8",.0,"8",.0,"8",.0,"8",.0,"8",.0,"8",.0,"8",.0,"8",.0,"8",.0,"8",.0,"8",0,"",0,"8","R",0,"9",0,"9",0,"8"
"353160230","PI£A","2019","07","28",31.5,"",16.4,"",24.4,"",14.3,"",.0,"9","",0,"9",.0,"9",13.8,"",.0,"8",.0,"8",.0,"8",.0,"8",.0,"8",.0,"8",.0,"8",.0,"8",.0,"8",.0,"8",.0,"8",.0,"8",.0,"8",.0,"8",.0,"8",.0,"8",0,"",0,"8","R",0,"9",0,"9",0,"8"
"353160230","PI£A","2019","07","29",33.2,"",20.2,"",26.4,"",18.4,"",16.3,"","W",0,"9",.0,"9",9.1,"",.0,"8",.0,"8",.0,"8",.0,"8",.0,"8",.0,"8",.0,"8",.0,"8",.0,"8",.0,"8",.0,"8",.0,"8",.0,"8",.0,"8",.0,"8",.0,"8",0,"",0,"8","R",0,"9",0,"9",0,"8"
"353160230","PI£A","2019","07","30",31.2,"",18.8,"",25.0,"",18.1,"",.0,"9","",0,"9",.0,"9",10.6,"",.0,"8",.0,"8",.0,"8",.0,"8",.0,"8",.0,"8",.0,"8",.0,"8",.0,"8",.0,"8",.0,"8",.0,"8",.0,"8",.0,"8",.0,"8",.0,"8",0,"",0,"8","R",0,"9",0,"9",0,"8"
"353160230","PI£A","2019","07","31",26.6,"",17.1,"",20.5,"",17.2,"",6.1,"","W",0,"9",.0,"9",6.8,"",.0,"8",.0,"8",.0,"8",.0,"8",.0,"8",.0,"8",.0,"8",.0,"8",.0,"8",.0,"8",.0,"8",.0,"8",.0,"8",.0,"8",.0,"8",.0,"8",0,"",0,"8","R",0,"9",0,"9",0,"8"
"353160230","PI£A","2019","08","01",23.1,"",14.0,"",16.9,"",13.8,"",4.2,"","W",0,"9",.0,"9",3.8,"",.0,"8",.0,"8",.0,"8",.0,"8",.0,"8",.0,"8",.0,"8",.0,"8",.0,"8",.0,"8",.0,"8",.0,"8",.0,"8",.0,"8",.0,"8",.0,"8",0,"",0,"8","R",0,"9",0,"9",0,"8"
"353160230","PI£A","2019","08","02",21.4,"",12.1,"",16.7,"",11.2,"",.0,"9","",0,"9",.0,"9",3.9,"",.0,"8",.0,"8",.0,"8",.0,"8",.0,"8",.0,"8",.0,"8",.0,"8",.0,"8",.0,"8",.0,"8",.0,"8",.0,"8",.0,"8",.0,"8",.0,"8",0,"",0,"8","R",0,"9",0,"9",0,"8"
"353160230","PI£A","2019","08","03",25.1,"",10.7,"",17.7,"",8.2,"",.0,"9","",0,"9",.0,"9",10.0,"",.0,"8",.0,"8",.0,"8",.0,"8",.0,"8",.0,"8",.0,"8",.0,"8",.0,"8",.0,"8",.0,"8",.0,"8",.0,"8",.0,"8",.0,"8",.0,"8",0,"",0,"8","R",0,"9",0,"9",0,"8"
"353160230","PI£A","2019","08","04",25.5,"",10.7,"",17.2,"",8.7,"",1.1,"","W",0,"9",.0,"9",5.1,"",.0,"8",.0,"8",.0,"8",.0,"8",.0,"8",.0,"8",.0,"8",.0,"8",.0,"8",.0,"8",.0,"8",.0,"8",.0,"8",.0,"8",.0,"8",.0,"8",0,"",0,"8","R",0,"9",0,"9",0,"8"
"353160230","PI£A","2019","08","05",24.5,"",12.6,"",19.4,"",10.7,"",.2,"","W",0,"9",.0,"9",5.5,"",.0,"8",.0,"8",.0,"8",.0,"8",.0,"8",.0,"8",.0,"8",.0,"8",.0,"8",.0,"8",.0,"8",.0,"8",.0,"8",.0,"8",.0,"8",.0,"8",0,"",0,"8","R",0,"9",0,"9",0,"8"
"353160230","PI£A","2019","08","06",28.6,"",16.0,"",21.1,"",13.8,"",6.0,"","W",0,"9",.0,"9",8.4,"",.0,"8",.0,"8",.0,"8",.0,"8",.0,"8",.0,"8",.0,"8",.0,"8",.0,"8",.0,"8",.0,"8",.0,"8",.0,"8",.0,"8",.0,"8",.0,"8",0,"",0,"8","R",0,"9",0,"9",0,"8"
"353160230","PI£A","2019","08","07",26.9,"",14.5,"",19.7,"",12.8,"",1.6,"","W",0,"9",.0,"9",7.0,"",.0,"8",.0,"8",.0,"8",.0,"8",.0,"8",.0,"8",.0,"8",.0,"8",.0,"8",.0,"8",.0,"8",.0,"8",.0,"8",.0,"8",.0,"8",.0,"8",0,"",0,"8","R",0,"9",0,"9",0,"8"
"353160230","PI£A","2019","08","08",25.8,"",15.0,"",19.4,"",12.6,"",.0,"","W",0,"9",.0,"9",10.1,"",.0,"8",.0,"8",.0,"8",.0,"8",.0,"8",.0,"8",.0,"8",.0,"8",.0,"8",.0,"8",.0,"8",.0,"8",.0,"8",.0,"8",.0,"8",.0,"8",0,"",0,"8","R",0,"9",0,"9",0,"8"
"353160230","PI£A","2019","08","09",25.4,"",11.9,"",19.4,"",9.4,"",.0,"9","",0,"9",.0,"9",10.9,"",.0,"8",.0,"8",.0,"8",.0,"8",.0,"8",.0,"8",.0,"8",.0,"8",.0,"8",.0,"8",.0,"8",.0,"8",.0,"8",.0,"8",.0,"8",.0,"8",0,"",0,"8","R",0,"9",0,"9",0,"8"
"353160230","PI£A","2019","08","10",28.2,"",15.5,"",22.5,"",12.2,"",.0,"9","",0,"9",.0,"9",4.9,"",.0,"8",.0,"8",.0,"8",.0,"8",.0,"8",.0,"8",.0,"8",.0,"8",.0,"8",.0,"8",.0,"8",.0,"8",.0,"8",.0,"8",.0,"8",.0,"8",0,"",0,"8","R",0,"9",0,"9",0,"8"
"353160230","PI£A","2019","08","11",28.4,"",14.7,"",22.0,"",11.5,"",.0,"9","",0,"9",.0,"9",11.3,"",.0,"8",.0,"8",.0,"8",.0,"8",.0,"8",.0,"8",.0,"8",.0,"8",.0,"8",.0,"8",.0,"8",.0,"8",.0,"8",.0,"8",.0,"8",.0,"8",0,"",0,"8","R",0,"9",0,"9",0,"8"
"353160230","PI£A","2019","08","12",25.2,"",18.2,"",20.9,"",15.3,"",.0,"9","",0,"9",.0,"9",1.5,"",.0,"8",.0,"8",.0,"8",.0,"8",.0,"8",.0,"8",.0,"8",.0,"8",.0,"8",.0,"8",.0,"8",.0,"8",.0,"8",.0,"8",.0,"8",.0,"8",0,"",0,"8","R",0,"9",0,"9",0,"8"
"353160230","PI£A","2019","08","13",24.4,"",13.2,"",18.2,"",11.6,"",.0,"","W",0,"9",.0,"9",7.6,"",.0,"8",.0,"8",.0,"8",.0,"8",.0,"8",.0,"8",.0,"8",.0,"8",.0,"8",.0,"8",.0,"8",.0,"8",.0,"8",.0,"8",.0,"8",.0,"8",0,"",0,"8","R",0,"9",0,"9",0,"8"
"353160230","PI£A","2019","08","14",22.2,"",9.1,"",16.0,"",7.0,"",.0,"9","",0,"9",.0,"9",11.0,"",.0,"8",.0,"8",.0,"8",.0,"8",.0,"8",.0,"8",.0,"8",.0,"8",.0,"8",.0,"8",.0,"8",.0,"8",.0,"8",.0,"8",.0,"8",.0,"8",0,"",0,"8","R",0,"9",0,"9",0,"8"
"353160230","PI£A","2019","08","15",25.1,"",5.2,"",17.4,"",3.2,"",.0,"","W",0,"9",.0,"9",11.2,"",.0,"8",.0,"8",.0,"8",.0,"8",.0,"8",.0,"8",.0,"8",.0,"8",.0,"8",.0,"8",.0,"8",.0,"8",.0,"8",.0,"8",.0,"8",.0,"8",0,"",0,"8","R",0,"9",0,"9",0,"8"
"353160230","PI£A","2019","08","16",23.7,"",14.0,"",18.0,"",11.8,"",1.2,"","W",0,"9",.0,"9",8.2,"",.0,"8",.0,"8",.0,"8",.0,"8",.0,"8",.0,"8",.0,"8",.0,"8",.0,"8",.0,"8",.0,"8",.0,"8",.0,"8",.0,"8",.0,"8",.0,"8",0,"",0,"8","R",0,"9",0,"9",0,"8"
"353160230","PI£A","2019","08","17",24.6,"",8.6,"",18.7,"",6.8,"",.0,"9","",0,"9",.0,"9",5.1,"",.0,"8",.0,"8",.0,"8",.0,"8",.0,"8",.0,"8",.0,"8",.0,"8",.0,"8",.0,"8",.0,"8",.0,"8",.0,"8",.0,"8",.0,"8",.0,"8",0,"",0,"8","R",0,"9",0,"9",0,"8"
"353160230","PI£A","2019","08","18",24.4,"",16.4,"",20.8,"",14.1,"",.7,"","W",0,"9",.0,"9",1.9,"",.0,"8",.0,"8",.0,"8",.0,"8",.0,"8",.0,"8",.0,"8",.0,"8",.0,"8",.0,"8",.0,"8",.0,"8",.0,"8",.0,"8",.0,"8",.0,"8",0,"",0,"8","R",0,"9",0,"9",0,"8"
"353160230","PI£A","2019","08","19",24.3,"",16.6,"",19.6,"",14.9,"",.1,"","W",0,"9",.0,"9",4.9,"",.0,"8",.0,"8",.0,"8",.0,"8",.0,"8",.0,"8",.0,"8",.0,"8",.0,"8",.0,"8",.0,"8",.0,"8",.0,"8",.0,"8",.0,"8",.0,"8",0,"",0,"8","R",0,"9",0,"9",0,"8"
"353160230","PI£A","2019","08","20",26.6,"",12.2,"",19.3,"",9.6,"",4.6,"","W",0,"9",.0,"9",6.4,"",.0,"8",.0,"8",.0,"8",.0,"8",.0,"8",.0,"8",.0,"8",.0,"8",.0,"8",.0,"8",.0,"8",.0,"8",.0,"8",.0,"8",.0,"8",.0,"8",0,"",0,"8","R",0,"9",0,"9",0,"8"
"353160230","PI£A","2019","08","21",22.9,"",14.6,"",16.7,"",14.6,"",1.0,"","W",0,"9",.0,"9",5.9,"",.0,"8",.0,"8",.0,"8",.0,"8",.0,"8",.0,"8",.0,"8",.0,"8",.0,"8",.0,"8",.0,"8",.0,"8",.0,"8",.0,"8",.0,"8",.0,"8",0,"",0,"8","R",0,"9",0,"9",0,"8"
"353160230","PI£A","2019","08","22",24.1,"",9.5,"",16.9,"",7.8,"",.0,"9","",0,"9",.0,"9",10.7,"",.0,"8",.0,"8",.0,"8",.0,"8",.0,"8",.0,"8",.0,"8",.0,"8",.0,"8",.0,"8",.0,"8",.0,"8",.0,"8",.0,"8",.0,"8",.0,"8",0,"",0,"8","R",0,"9",0,"9",0,"8"
"353160230","PI£A","2019","08","23",26.5,"",9.3,"",18.8,"",7.1,"",.0,"9","",0,"9",.0,"9",12.9,"",.0,"8",.0,"8",.0,"8",.0,"8",.0,"8",.0,"8",.0,"8",.0,"8",.0,"8",.0,"8",.0,"8",.0,"8",.0,"8",.0,"8",.0,"8",.0,"8",0,"",0,"8","R",0,"9",0,"9",0,"8"
"353160230","PI£A","2019","08","24",28.3,"",11.2,"",20.2,"",8.0,"",.0,"9","",0,"9",.0,"9",13.4,"",.0,"8",.0,"8",.0,"8",.0,"8",.0,"8",.0,"8",.0,"8",.0,"8",.0,"8",.0,"8",.0,"8",.0,"8",.0,"8",.0,"8",.0,"8",.0,"8",0,"",0,"8","R",0,"9",0,"9",0,"8"
"353160230","PI£A","2019","08","25",28.2,"",11.8,"",20.9,"",8.8,"",.0,"9","",0,"9",.0,"9",13.4,"",.0,"8",.0,"8",.0,"8",.0,"8",.0,"8",.0,"8",.0,"8",.0,"8",.0,"8",.0,"8",.0,"8",.0,"8",.0,"8",.0,"8",.0,"8",.0,"8",0,"",0,"8","R",0,"9",0,"9",0,"8"
"353160230","PI£A","2019","08","26",31.2,"",16.7,"",24.0,"",13.7,"",.0,"9","",0,"9",.0,"9",12.3,"",.0,"8",.0,"8",.0,"8",.0,"8",.0,"8",.0,"8",.0,"8",.0,"8",.0,"8",.0,"8",.0,"8",.0,"8",.0,"8",.0,"8",.0,"8",.0,"8",0,"",0,"8","R",0,"9",0,"9",0,"8"
"353160230","PI£A","2019","08","27",32.5,"",18.1,"",25.7,"",15.1,"",.0,"","W",0,"9",.0,"9",9.4,"",.0,"8",.0,"8",.0,"8",.0,"8",.0,"8",.0,"8",.0,"8",.0,"8",.0,"8",.0,"8",.0,"8",.0,"8",.0,"8",.0,"8",.0,"8",.0,"8",0,"",0,"8","R",0,"9",0,"9",0,"8"
"353160230","PI£A","2019","08","28",31.2,"",19.4,"",25.2,"",17.1,"",3.9,"","W",0,"9",.0,"9",6.4,"",.0,"8",.0,"8",.0,"8",.0,"8",.0,"8",.0,"8",.0,"8",.0,"8",.0,"8",.0,"8",.0,"8",.0,"8",.0,"8",.0,"8",.0,"8",.0,"8",0,"",0,"8","R",0,"9",0,"9",0,"8"
"353160230","PI£A","2019","08","29",30.6,"",17.3,"",23.9,"",16.0,"",.0,"9","",0,"9",.0,"9",12.1,"",.0,"8",.0,"8",.0,"8",.0,"8",.0,"8",.0,"8",.0,"8",.0,"8",.0,"8",.0,"8",.0,"8",.0,"8",.0,"8",.0,"8",.0,"8",.0,"8",0,"",0,"8","R",0,"9",0,"9",0,"8"
"353160230","PI£A","2019","08","30",28.5,"",17.2,"",23.1,"",15.3,"",.0,"9","",0,"9",.0,"9",8.4,"",.0,"8",.0,"8",.0,"8",.0,"8",.0,"8",.0,"8",.0,"8",.0,"8",.0,"8",.0,"8",.0,"8",.0,"8",.0,"8",.0,"8",.0,"8",.0,"8",0,"",0,"8","R",0,"9",0,"9",0,"8"
"353160230","PI£A","2019","08","31",31.9,"",18.2,"",25.2,"",16.1,"",.0,"9","",0,"9",.0,"9",12.1,"",.0,"8",.0,"8",.0,"8",.0,"8",.0,"8",.0,"8",.0,"8",.0,"8",.0,"8",.0,"8",.0,"8",.0,"8",.0,"8",.0,"8",.0,"8",.0,"8",0,"",0,"8","R",0,"9",0,"9",0,"8"
"353160230","PI£A","2019","09","01",33.0,"",20.6,"",24.6,"",19.9,"",5.9,"","W",0,"9",.0,"9",9.7,"",.0,"8",.0,"8",.0,"8",.0,"8",.0,"8",.0,"8",.0,"8",.0,"8",.0,"8",.0,"8",.0,"8",.0,"8",.0,"8",.0,"8",.0,"8",.0,"8",0,"",0,"8","R",0,"9",0,"9",0,"8"
"353160230","PI£A","2019","09","02",20.6,"",15.6,"",17.2,"",14.4,"",.0,"9","",0,"9",.0,"9",7.4,"",.0,"8",.0,"8",.0,"8",.0,"8",.0,"8",.0,"8",.0,"8",.0,"8",.0,"8",.0,"8",.0,"8",.0,"8",.0,"8",.0,"8",.0,"8",.0,"8",0,"",0,"8","R",0,"9",0,"9",0,"8"
"353160230","PI£A","2019","09","03",20.0,"",5.7,"",14.2,"",3.7,"",.0,"","W",0,"9",.0,"9",5.7,"",.0,"8",.0,"8",.0,"8",.0,"8",.0,"8",.0,"8",.0,"8",.0,"8",.0,"8",.0,"8",.0,"8",.0,"8",.0,"8",.0,"8",.0,"8",.0,"8",0,"",0,"8","R",0,"9",0,"9",0,"8"
"353160230","PI£A","2019","09","04",23.3,"",9.0,"",17.3,"",6.5,"",.0,"9","",0,"9",.0,"9",10.2,"",.0,"8",.0,"8",.0,"8",.0,"8",.0,"8",.0,"8",.0,"8",.0,"8",.0,"8",.0,"8",.0,"8",.0,"8",.0,"8",.0,"8",.0,"8",.0,"8",0,"",0,"8","R",0,"9",0,"9",0,"8"
"353160230","PI£A","2019","09","05",22.6,"",12.3,"",17.1,"",9.7,"",.0,"","W",0,"9",.0,"9",6.2,"",.0,"8",.0,"8",.0,"8",.0,"8",.0,"8",.0,"8",.0,"8",.0,"8",.0,"8",.0,"8",.0,"8",.0,"8",.0,"8",.0,"8",.0,"8",.0,"8",0,"",0,"8","R",0,"9",0,"9",0,"8"
"353160230","PI£A","2019","09","06",19.7,"",7.8,"",13.2,"",4.1,"",.0,"9","",0,"9",.0,"9",10.5,"",.0,"8",.0,"8",.0,"8",.0,"8",.0,"8",.0,"8",.0,"8",.0,"8",.0,"8",.0,"8",.0,"8",.0,"8",.0,"8",.0,"8",.0,"8",.0,"8",0,"",0,"8","R",0,"9",0,"9",0,"8"
"353160230","PI£A","2019","09","07",14.4,"",4.8,"",10.8,"",1.9,"",5.3,"","W",0,"9",.0,"9",.0,"9",.0,"8",.0,"8",.0,"8",.0,"8",.0,"8",.0,"8",.0,"8",.0,"8",.0,"8",.0,"8",.0,"8",.0,"8",.0,"8",.0,"8",.0,"8",.0,"8",0,"",0,"8","R",0,"9",0,"9",0,"8"
"353160230","PI£A","2019","09","08",15.6,"",12.1,"",13.4,"",11.9,"",.3,"","W",0,"9",.0,"9",.0,"9",.0,"8",.0,"8",.0,"8",.0,"8",.0,"8",.0,"8",.0,"8",.0,"8",.0,"8",.0,"8",.0,"8",.0,"8",.0,"8",.0,"8",.0,"8",.0,"8",0,"",0,"8","R",0,"9",0,"9",0,"8"
"353160230","PI£A","2019","09","09",18.2,"",9.2,"",14.2,"",6.6,"",26.4,"","W",0,"9",.0,"9",.0,"9",.0,"8",.0,"8",.0,"8",.0,"8",.0,"8",.0,"8",.0,"8",.0,"8",.0,"8",.0,"8",.0,"8",.0,"8",.0,"8",.0,"8",.0,"8",.0,"8",0,"",0,"8","R",0,"9",0,"9",0,"8"
"353160230","PI£A","2019","09","10",17.5,"",12.1,"",14.3,"",12.3,"",8.3,"","W",0,"9",.0,"9",.7,"",.0,"8",.0,"8",.0,"8",.0,"8",.0,"8",.0,"8",.0,"8",.0,"8",.0,"8",.0,"8",.0,"8",.0,"8",.0,"8",.0,"8",.0,"8",.0,"8",0,"",0,"8","R",0,"9",0,"9",0,"8"
"353160230","PI£A","2019","09","11",20.9,"",6.1,"",14.3,"",4.2,"",.0,"9","",0,"9",.0,"9",11.5,"",.0,"8",.0,"8",.0,"8",.0,"8",.0,"8",.0,"8",.0,"8",.0,"8",.0,"8",.0,"8",.0,"8",.0,"8",.0,"8",.0,"8",.0,"8",.0,"8",0,"",0,"8","R",0,"9",0,"9",0,"8"
"353160230","PI£A","2019","09","12",20.1,"",8.9,"",15.0,"",7.3,"",.0,"9","",0,"9",.0,"9",3.7,"",.0,"8",.0,"8",.0,"8",.0,"8",.0,"8",.0,"8",.0,"8",.0,"8",.0,"8",.0,"8",.0,"8",.0,"8",.0,"8",.0,"8",.0,"8",.0,"8",0,"",0,"8","R",0,"9",0,"9",0,"8"
"353160230","PI£A","2019","09","13",21.8,"",12.2,"",15.6,"",9.9,"",1.4,"","W",0,"9",.0,"9",5.1,"",.0,"8",.0,"8",.0,"8",.0,"8",.0,"8",.0,"8",.0,"8",.0,"8",.0,"8",.0,"8",.0,"8",.0,"8",.0,"8",.0,"8",.0,"8",.0,"8",0,"",0,"8","R",0,"9",0,"9",0,"8"
"353160230","PI£A","2019","09","14",18.4,"",7.1,"",12.6,"",4.4,"",.0,"9","",0,"9",.0,"9",11.2,"",.0,"8",.0,"8",.0,"8",.0,"8",.0,"8",.0,"8",.0,"8",.0,"8",.0,"8",.0,"8",.0,"8",.0,"8",.0,"8",.0,"8",.0,"8",.0,"8",0,"",0,"8","R",0,"9",0,"9",0,"8"
"353160230","PI£A","2019","09","15",21.6,"",3.6,"",14.0,"",2.0,"",.0,"","W",0,"9",.0,"9",9.1,"",.0,"8",.0,"8",.0,"8",.0,"8",.0,"8",.0,"8",.0,"8",.0,"8",.0,"8",.0,"8",.0,"8",.0,"8",.0,"8",.0,"8",.0,"8",.0,"8",0,"",0,"8","R",0,"9",0,"9",0,"8"
"353160230","PI£A","2019","09","16",18.8,"",11.9,"",13.1,"",10.9,"",.0,"9","",0,"9",.0,"9",5.6,"",.0,"8",.0,"8",.0,"8",.0,"8",.0,"8",.0,"8",.0,"8",.0,"8",.0,"8",.0,"8",.0,"8",.0,"8",.0,"8",.0,"8",.0,"8",.0,"8",0,"",0,"8","R",0,"9",0,"9",0,"8"
"353160230","PI£A","2019","09","17",14.8,"",6.5,"",9.1,"",4.1,"",9.0,"","W",0,"9",.0,"9",4.3,"",.0,"8",.0,"8",.0,"8",.0,"8",.0,"8",.0,"8",.0,"8",.0,"8",.0,"8",.0,"8",.0,"8",.0,"8",.0,"8",.0,"8",.0,"8",.0,"8",0,"",0,"8","R",0,"9",0,"9",0,"8"
"353160230","PI£A","2019","09","18",14.9,"",5.3,"",9.2,"",4.9,"",7.2,"","W",0,"9",.0,"9",6.9,"",.0,"8",.0,"8",.0,"8",.0,"8",.0,"8",.0,"8",.0,"8",.0,"8",.0,"8",.0,"8",.0,"8",.0,"8",.0,"8",.0,"8",.0,"8",.0,"8",0,"",0,"8","R",0,"9",0,"9",0,"8"
"353160230","PI£A","2019","09","19",15.6,"",5.1,"",9.6,"",2.8,"",.0,"","W",0,"9",.0,"9",8.0,"",.0,"8",.0,"8",.0,"8",.0,"8",.0,"8",.0,"8",.0,"8",.0,"8",.0,"8",.0,"8",.0,"8",.0,"8",.0,"8",.0,"8",.0,"8",.0,"8",0,"",0,"8","R",0,"9",0,"9",0,"8"
"353160230","PI£A","2019","09","20",14.1,"",3.6,"",9.6,"",1.7,"",.0,"","W",0,"9",.0,"9",2.6,"",.0,"8",.0,"8",.0,"8",.0,"8",.0,"8",.0,"8",.0,"8",.0,"8",.0,"8",.0,"8",.0,"8",.0,"8",.0,"8",.0,"8",.0,"8",.0,"8",0,"",0,"8","R",0,"9",0,"9",0,"8"
"353160230","PI£A","2019","09","21",15.5,"",10.9,"",12.0,"",7.7,"",.0,"9","",0,"9",.0,"9",.6,"",.0,"8",.0,"8",.0,"8",.0,"8",.0,"8",.0,"8",.0,"8",.0,"8",.0,"8",.0,"8",.0,"8",.0,"8",.0,"8",.0,"8",.0,"8",.0,"8",0,"",0,"8","R",0,"9",0,"9",0,"8"
"353160230","PI£A","2019","09","22",22.3,"",3.2,"",12.4,"",1.9,"",.0,"9","",0,"9",.0,"9",11.1,"",.0,"8",.0,"8",.0,"8",.0,"8",.0,"8",.0,"8",.0,"8",.0,"8",.0,"8",.0,"8",.0,"8",.0,"8",.0,"8",.0,"8",.0,"8",.0,"8",0,"",0,"8","R",0,"9",0,"9",0,"8"
"353160230","PI£A","2019","09","23",15.3,"",9.7,"",12.3,"",6.1,"",.0,"9","",0,"9",.0,"9",.3,"",.0,"8",.0,"8",.0,"8",.0,"8",.0,"8",.0,"8",.0,"8",.0,"8",.0,"8",.0,"8",.0,"8",.0,"8",.0,"8",.0,"8",.0,"8",.0,"8",0,"",0,"8","R",0,"9",0,"9",0,"8"
"353160230","PI£A","2019","09","24",11.6,"",5.7,"",9.3,"",2.2,"",.0,"","W",0,"9",.0,"9",2.0,"",.0,"8",.0,"8",.0,"8",.0,"8",.0,"8",.0,"8",.0,"8",.0,"8",.0,"8",.0,"8",.0,"8",.0,"8",.0,"8",.0,"8",.0,"8",.0,"8",0,"",0,"8","R",0,"9",0,"9",0,"8"
"353160230","PI£A","2019","09","25",15.9,"",9.9,"",12.5,"",9.9,"",1.4,"","W",0,"9",.0,"9",.8,"",.0,"8",.0,"8",.0,"8",.0,"8",.0,"8",.0,"8",.0,"8",.0,"8",.0,"8",.0,"8",.0,"8",.0,"8",.0,"8",.0,"8",.0,"8",.0,"8",0,"",0,"8","R",0,"9",0,"9",0,"8"
"353160230","PI£A","2019","09","26",17.2,"",12.4,"",13.4,"",9.9,"",.0,"9","",0,"9",.0,"9",2.0,"",.0,"8",.0,"8",.0,"8",.0,"8",.0,"8",.0,"8",.0,"8",.0,"8",.0,"8",.0,"8",.0,"8",.0,"8",.0,"8",.0,"8",.0,"8",.0,"8",0,"",0,"8","R",0,"9",0,"9",0,"8"
"353160230","PI£A","2019","09","27",17.2,"",8.8,"",13.3,"",8.4,"",6.7,"","W",0,"9",.0,"9",1.0,"",.0,"8",.0,"8",.0,"8",.0,"8",.0,"8",.0,"8",.0,"8",.0,"8",.0,"8",.0,"8",.0,"8",.0,"8",.0,"8",.0,"8",.0,"8",.0,"8",0,"",0,"8","R",0,"9",0,"9",0,"8"
"353160230","PI£A","2019","09","28",18.4,"",12.2,"",14.0,"",10.7,"",.0,"","W",0,"9",.0,"9",2.5,"",.0,"8",.0,"8",.0,"8",.0,"8",.0,"8",.0,"8",.0,"8",.0,"8",.0,"8",.0,"8",.0,"8",.0,"8",.0,"8",.0,"8",.0,"8",.0,"8",0,"",0,"8","R",0,"9",0,"9",0,"8"
"353160230","PI£A","2019","09","29",16.9,"",12.1,"",13.8,"",11.5,"",7.7,"","W",0,"9",.0,"9",.5,"",.0,"8",.0,"8",.0,"8",.0,"8",.0,"8",.0,"8",.0,"8",.0,"8",.0,"8",.0,"8",.0,"8",.0,"8",.0,"8",.0,"8",.0,"8",.0,"8",0,"",0,"8","R",0,"9",0,"9",0,"8"
"353160230","PI£A","2019","09","30",15.0,"",11.6,"",13.1,"",11.0,"",19.4,"","W",0,"9",.0,"9",.0,"9",.0,"8",.0,"8",.0,"8",.0,"8",.0,"8",.0,"8",.0,"8",.0,"8",.0,"8",.0,"8",.0,"8",.0,"8",.0,"8",.0,"8",.0,"8",.0,"8",0,"",0,"8","R",0,"9",0,"9",0,"8"
"353160230","PI£A","2019","10","01",14.0,"",9.6,"",11.8,"",8.6,"",9.7,"","W",0,"9",.0,"9",.0,"9",.0,"8",.0,"8",.0,"8",.0,"8",.0,"8",.0,"8",.0,"8",.0,"8",.0,"8",.0,"8",.0,"8",.0,"8",.0,"8",.0,"8",.0,"8",.0,"8",0,"",0,"8","R",0,"9",0,"9",0,"8"
"353160230","PI£A","2019","10","02",14.4,"",7.4,"",9.6,"",5.7,"",3.2,"","W",0,"9",.0,"9",.2,"",.0,"8",.0,"8",.0,"8",.0,"8",.0,"8",.0,"8",.0,"8",.0,"8",.0,"8",.0,"8",.0,"8",.0,"8",.0,"8",.0,"8",.0,"8",.0,"8",0,"",0,"8","R",0,"9",0,"9",0,"8"
"353160230","PI£A","2019","10","03",10.8,"",1.3,"",6.1,"",-.5,"",.8,"","W",0,"9",.0,"9",1.3,"",.0,"8",.0,"8",.0,"8",.0,"8",.0,"8",.0,"8",.0,"8",.0,"8",.0,"8",.0,"8",.0,"8",.0,"8",.0,"8",.0,"8",.0,"8",.0,"8",0,"",0,"8","R",0,"9",0,"9",0,"8"
"353160230","PI£A","2019","10","04",10.7,"",4.7,"",8.0,"",1.9,"",.0,"","W",0,"9",.0,"9",1.2,"",.0,"8",.0,"8",.0,"8",.0,"8",.0,"8",.0,"8",.0,"8",.0,"8",.0,"8",.0,"8",.0,"8",.0,"8",.0,"8",.0,"8",.0,"8",.0,"8",0,"",0,"8","R",0,"9",0,"9",0,"8"
"353160230","PI£A","2019","10","05",11.1,"",6.6,"",7.8,"",4.1,"",.0,"","W",0,"9",.0,"9",.7,"",.0,"8",.0,"8",.0,"8",.0,"8",.0,"8",.0,"8",.0,"8",.0,"8",.0,"8",.0,"8",.0,"8",.0,"8",.0,"8",.0,"8",.0,"8",.0,"8",0,"",0,"8","R",0,"9",0,"9",0,"8"
"353160230","PI£A","2019","10","06",10.9,"",-1.4,"",4.2,"",-4.1,"",.0,"9","",0,"9",.0,"9",7.7,"",.0,"8",.0,"8",.0,"8",.0,"8",.0,"8",.0,"8",.0,"8",.0,"8",.0,"8",.0,"8",.0,"8",.0,"8",.0,"8",.0,"8",.0,"8",.0,"8",0,"",0,"8","Z",1,"",0,"9",0,"8"
"353160230","PI£A","2019","10","07",10.8,"",-1.3,"",4.3,"",-2.9,"",.0,"9","",0,"9",.0,"9",6.3,"",.0,"8",.0,"8",.0,"8",.0,"8",.0,"8",.0,"8",.0,"8",.0,"8",.0,"8",.0,"8",.0,"8",.0,"8",.0,"8",.0,"8",.0,"8",.0,"8",0,"",0,"8","Z",1,"",0,"9",0,"8"
"353160230","PI£A","2019","10","08",10.5,"",.3,"",6.1,"",-1.5,"",3.8,"","W",0,"9",.0,"9",.0,"9",.0,"8",.0,"8",.0,"8",.0,"8",.0,"8",.0,"8",.0,"8",.0,"8",.0,"8",.0,"8",.0,"8",.0,"8",.0,"8",.0,"8",.0,"8",.0,"8",0,"",0,"8","R",0,"9",0,"9",0,"8"
"353160230","PI£A","2019","10","09",15.7,"",10.0,"",12.1,"",7.9,"",3.5,"","W",0,"9",.0,"9",2.6,"",.0,"8",.0,"8",.0,"8",.0,"8",.0,"8",.0,"8",.0,"8",.0,"8",.0,"8",.0,"8",.0,"8",.0,"8",.0,"8",.0,"8",.0,"8",.0,"8",0,"",0,"8","R",0,"9",0,"9",0,"8"
"353160230","PI£A","2019","10","10",12.8,"",9.0,"",10.0,"",7.5,"",1.3,"","W",0,"9",.0,"9",3.1,"",.0,"8",.0,"8",.0,"8",.0,"8",.0,"8",.0,"8",.0,"8",.0,"8",.0,"8",.0,"8",.0,"8",.0,"8",.0,"8",.0,"8",.0,"8",.0,"8",0,"",0,"8","R",0,"9",0,"9",0,"8"
"353160230","PI£A","2019","10","11",14.7,"",6.7,"",11.0,"",5.6,"",.1,"","W",0,"9",.0,"9",3.3,"",.0,"8",.0,"8",.0,"8",.0,"8",.0,"8",.0,"8",.0,"8",.0,"8",.0,"8",.0,"8",.0,"8",.0,"8",.0,"8",.0,"8",.0,"8",.0,"8",0,"",0,"8","R",0,"9",0,"9",0,"8"
"353160230","PI£A","2019","10","12",19.8,"",13.0,"",15.9,"",11.9,"",.0,"9","",0,"9",.0,"9",4.4,"",.0,"8",.0,"8",.0,"8",.0,"8",.0,"8",.0,"8",.0,"8",.0,"8",.0,"8",.0,"8",.0,"8",.0,"8",.0,"8",.0,"8",.0,"8",.0,"8",0,"",0,"8","R",0,"9",0,"9",0,"8"
"353160230","PI£A","2019","10","13",22.2,"",12.6,"",17.2,"",9.9,"",.0,"","W",0,"9",.0,"9",7.9,"",.0,"8",.0,"8",.0,"8",.0,"8",.0,"8",.0,"8",.0,"8",.0,"8",.0,"8",.0,"8",.0,"8",.0,"8",.0,"8",.0,"8",.0,"8",.0,"8",0,"",0,"8","R",0,"9",0,"9",0,"8"
"353160230","PI£A","2019","10","14",22.6,"",13.8,"",16.9,"",11.4,"",.0,"9","",0,"9",.0,"9",9.7,"",.0,"8",.0,"8",.0,"8",.0,"8",.0,"8",.0,"8",.0,"8",.0,"8",.0,"8",.0,"8",.0,"8",.0,"8",.0,"8",.0,"8",.0,"8",.0,"8",0,"",0,"8","R",0,"9",0,"9",0,"8"
"353160230","PI£A","2019","10","15",21.2,"",9.8,"",14.5,"",7.5,"",.0,"9","",0,"9",.0,"9",9.5,"",.0,"8",.0,"8",.0,"8",.0,"8",.0,"8",.0,"8",.0,"8",.0,"8",.0,"8",.0,"8",.0,"8",.0,"8",.0,"8",.0,"8",.0,"8",.0,"8",0,"",0,"8","R",0,"9",0,"9",0,"8"
"353160230","PI£A","2019","10","16",13.9,"",5.9,"",10.5,"",5.3,"",15.5,"","W",0,"9",.0,"9",.5,"",.0,"8",.0,"8",.0,"8",.0,"8",.0,"8",.0,"8",.0,"8",.0,"8",.0,"8",.0,"8",.0,"8",.0,"8",.0,"8",.0,"8",.0,"8",.0,"8",0,"",0,"8","R",0,"9",0,"9",0,"8"
"353160230","PI£A","2019","10","17",18.4,"",6.6,"",12.1,"",5.1,"",.0,"","W",0,"9",.0,"9",3.7,"",.0,"8",.0,"8",.0,"8",.0,"8",.0,"8",.0,"8",.0,"8",.0,"8",.0,"8",.0,"8",.0,"8",.0,"8",.0,"8",.0,"8",.0,"8",.0,"8",0,"",0,"8","R",0,"9",0,"9",0,"8"
"353160230","PI£A","2019","10","18",18.8,"",9.6,"",13.3,"",8.9,"",.3,"","W",0,"9",.0,"9",4.4,"",.0,"8",.0,"8",.0,"8",.0,"8",.0,"8",.0,"8",.0,"8",.0,"8",.0,"8",.0,"8",.0,"8",.0,"8",.0,"8",.0,"8",.0,"8",.0,"8",0,"",0,"8","R",0,"9",0,"9",0,"8"
"353160230","PI£A","2019","10","19",15.2,"",7.6,"",11.3,"",6.7,"",.0,"","W",0,"9",.0,"9",.0,"9",.0,"8",.0,"8",.0,"8",.0,"8",.0,"8",.0,"8",.0,"8",.0,"8",.0,"8",.0,"8",.0,"8",.0,"8",.0,"8",.0,"8",.0,"8",.0,"8",0,"",0,"8","R",0,"9",0,"9",0,"8"
"353160230","PI£A","2019","10","20",20.1,"",6.9,"",12.1,"",5.5,"",.0,"9","",0,"9",.0,"9",6.6,"",.0,"8",.0,"8",.0,"8",.0,"8",.0,"8",.0,"8",.0,"8",.0,"8",.0,"8",.0,"8",.0,"8",.0,"8",.0,"8",.0,"8",.0,"8",.0,"8",0,"",0,"8","R",0,"9",0,"9",0,"8"
"353160230","PI£A","2019","10","21",20.0,"",7.5,"",12.9,"",6.1,"",.0,"9","",0,"9",.0,"9",6.5,"",.0,"8",.0,"8",.0,"8",.0,"8",.0,"8",.0,"8",.0,"8",.0,"8",.0,"8",.0,"8",.0,"8",.0,"8",.0,"8",.0,"8",.0,"8",.0,"8",0,"",0,"8","R",0,"9",0,"9",0,"8"
"353160230","PI£A","2019","10","22",16.6,"",7.3,"",11.2,"",6.5,"",.0,"9","",0,"9",.0,"9",2.0,"",.0,"8",.0,"8",.0,"8",.0,"8",.0,"8",.0,"8",.0,"8",.0,"8",.0,"8",.0,"8",.0,"8",.0,"8",.0,"8",.0,"8",.0,"8",.0,"8",0,"",0,"8","R",0,"9",0,"9",0,"8"
"353160230","PI£A","2019","10","23",15.6,"",3.4,"",8.9,"",3.9,"",.0,"9","",0,"9",.0,"9",7.3,"",.0,"8",.0,"8",.0,"8",.0,"8",.0,"8",.0,"8",.0,"8",.0,"8",.0,"8",.0,"8",.0,"8",.0,"8",.0,"8",.0,"8",.0,"8",.0,"8",0,"",0,"8","R",0,"9",0,"9",0,"8"
"353160230","PI£A","2019","10","24",13.0,"",7.4,"",11.5,"",5.7,"",.0,"","W",0,"9",.0,"9",.0,"9",.0,"8",.0,"8",.0,"8",.0,"8",.0,"8",.0,"8",.0,"8",.0,"8",.0,"8",.0,"8",.0,"8",.0,"8",.0,"8",.0,"8",.0,"8",.0,"8",0,"",0,"8","R",0,"9",0,"9",0,"8"
"353160230","PI£A","2019","10","25",18.3,"",10.7,"",12.3,"",8.1,"",.0,"9","",0,"9",.0,"9",3.7,"",.0,"8",.0,"8",.0,"8",.0,"8",.0,"8",.0,"8",.0,"8",.0,"8",.0,"8",.0,"8",.0,"8",.0,"8",.0,"8",.0,"8",.0,"8",.0,"8",0,"",0,"8","R",0,"9",0,"9",0,"8"
"353160230","PI£A","2019","10","26",17.7,"",7.2,"",12.7,"",5.2,"",.0,"9","",0,"9",.0,"9",8.2,"",.0,"8",.0,"8",.0,"8",.0,"8",.0,"8",.0,"8",.0,"8",.0,"8",.0,"8",.0,"8",.0,"8",.0,"8",.0,"8",.0,"8",.0,"8",.0,"8",0,"",0,"8","R",0,"9",0,"9",0,"8"
"353160230","PI£A","2019","10","27",15.7,"",8.4,"",11.5,"",6.6,"",.1,"","W",0,"9",.0,"9",.1,"",.0,"8",.0,"8",.0,"8",.0,"8",.0,"8",.0,"8",.0,"8",.0,"8",.0,"8",.0,"8",.0,"8",.0,"8",.0,"8",.0,"8",.0,"8",.0,"8",0,"",0,"8","R",0,"9",0,"9",0,"8"
"353160230","PI£A","2019","10","28",10.6,"",3.6,"",5.8,"",2.5,"",.5,"","W",0,"9",.0,"9",.4,"",.0,"8",.0,"8",.0,"8",.0,"8",.0,"8",.0,"8",.0,"8",.0,"8",.0,"8",.0,"8",.0,"8",.0,"8",.0,"8",.0,"8",.0,"8",.0,"8",0,"",0,"8","R",0,"9",0,"9",0,"8"
"353160230","PI£A","2019","10","29",9.4,"",2.1,"",4.7,"",.5,"",.1,"","W",0,"9",.0,"9",3.6,"",.0,"8",.0,"8",.0,"8",.0,"8",.0,"8",.0,"8",.0,"8",.0,"8",.0,"8",.0,"8",.0,"8",.0,"8",.0,"8",.0,"8",.0,"8",.0,"8",0,"",0,"8","R",0,"9",0,"9",0,"8"
"353160230","PI£A","2019","10","30",8.7,"",-4.1,"",2.0,"",-3.8,"",.0,"9","",0,"9",.0,"9",5.7,"",.0,"8",.0,"8",.0,"8",.0,"8",.0,"8",.0,"8",.0,"8",.0,"8",.0,"8",.0,"8",.0,"8",.0,"8",.0,"8",.0,"8",.0,"8",.0,"8",0,"",0,"8","Z",6,"",0,"9",0,"8"
"353160230","PI£A","2019","10","31",7.9,"",-2.0,"",2.2,"",-2.9,"",.0,"9","",0,"9",.0,"9",8.6,"",.0,"8",.0,"8",.0,"8",.0,"8",.0,"8",.0,"8",.0,"8",.0,"8",.0,"8",.0,"8",.0,"8",.0,"8",.0,"8",.0,"8",.0,"8",.0,"8",0,"",0,"8","Z",1,"",0,"9",0,"8"
"353160230","PI£A","2019","11","01",6.9,"",-5.9,"",1.0,"",-6.4,"",1.6,"","W",0,"9",.0,"9",7.4,"",.0,"8",.0,"8",.0,"8",.0,"8",.0,"8",.0,"8",.0,"8",.0,"8",.0,"8",.0,"8",.0,"8",.0,"8",.0,"8",.0,"8",.0,"8",.0,"8",0,"",0,"8","Z",7,"",0,"9",0,"8"
"353160230","PI£A","2019","11","02",10.3,"",3.6,"",7.5,"",1.4,"",.7,"","W",0,"9",.0,"9",.0,"9",.0,"8",.0,"8",.0,"8",.0,"8",.0,"8",.0,"8",.0,"8",.0,"8",.0,"8",.0,"8",.0,"8",.0,"8",.0,"8",.0,"8",.0,"8",.0,"8",0,"",0,"8","R",0,"9",0,"9",0,"8"
"353160230","PI£A","2019","11","03",13.2,"",7.4,"",9.8,"",4.2,"",6.9,"","W",0,"9",.0,"9",.6,"",.0,"8",.0,"8",.0,"8",.0,"8",.0,"8",.0,"8",.0,"8",.0,"8",.0,"8",.0,"8",.0,"8",.0,"8",.0,"8",.0,"8",.0,"8",.0,"8",0,"",0,"8","R",0,"9",0,"9",0,"8"
"353160230","PI£A","2019","11","04",10.8,"",8.7,"",9.7,"",6.8,"",5.8,"","W",0,"9",.0,"9",.1,"",.0,"8",.0,"8",.0,"8",.0,"8",.0,"8",.0,"8",.0,"8",.0,"8",.0,"8",.0,"8",.0,"8",.0,"8",.0,"8",.0,"8",.0,"8",.0,"8",0,"",0,"8","R",0,"9",0,"9",0,"8"
"353160230","PI£A","2019","11","05",10.4,"",8.2,"",9.1,"",6.7,"",.8,"","W",0,"9",.0,"9",.0,"9",.0,"8",.0,"8",.0,"8",.0,"8",.0,"8",.0,"8",.0,"8",.0,"8",.0,"8",.0,"8",.0,"8",.0,"8",.0,"8",.0,"8",.0,"8",.0,"8",0,"",0,"8","R",0,"9",0,"9",0,"8"
"353160230","PI£A","2019","11","06",8.9,"",7.3,"",7.6,"",5.5,"",3.5,"","W",0,"9",.0,"9",.0,"9",.0,"8",.0,"8",.0,"8",.0,"8",.0,"8",.0,"8",.0,"8",.0,"8",.0,"8",.0,"8",.0,"8",.0,"8",.0,"8",.0,"8",.0,"8",.0,"8",0,"",0,"8","R",0,"9",0,"9",0,"8"
"353160230","PI£A","2019","11","07",9.8,"",5.5,"",7.0,"",2.4,"",.0,"","W",0,"9",.0,"9",1.4,"",.0,"8",.0,"8",.0,"8",.0,"8",.0,"8",.0,"8",.0,"8",.0,"8",.0,"8",.0,"8",.0,"8",.0,"8",.0,"8",.0,"8",.0,"8",.0,"8",0,"",0,"8","R",0,"9",0,"9",0,"8"
"353160230","PI£A","2019","11","08",9.6,"",-.2,"",5.1,"",-1.0,"",.0,"","W",0,"9",.0,"9",5.8,"",.0,"8",.0,"8",.0,"8",.0,"8",.0,"8",.0,"8",.0,"8",.0,"8",.0,"8",.0,"8",.0,"8",.0,"8",.0,"8",.0,"8",.0,"8",.0,"8",0,"",0,"8","R",0,"9",0,"9",0,"8"
"353160230","PI£A","2019","11","09",7.8,"",6.9,"",7.3,"",6.4,"",9.3,"","W",0,"9",.0,"9",.0,"9",.0,"8",.0,"8",.0,"8",.0,"8",.0,"8",.0,"8",.0,"8",.0,"8",.0,"8",.0,"8",.0,"8",.0,"8",.0,"8",.0,"8",.0,"8",.0,"8",0,"",0,"8","R",0,"9",0,"9",0,"8"
"353160230","PI£A","2019","11","10",7.6,"",4.4,"",5.0,"",4.6,"",.0,"9","",0,"9",.0,"9",.7,"",.0,"8",.0,"8",.0,"8",.0,"8",.0,"8",.0,"8",.0,"8",.0,"8",.0,"8",.0,"8",.0,"8",.0,"8",.0,"8",.0,"8",.0,"8",.0,"8",0,"",0,"8","R",0,"9",0,"9",0,"8"
"353160230","PI£A","2019","11","11",5.7,"",2.4,"",3.3,"",-1.0,"",.0,"9","",0,"9",.0,"9",.1,"",.0,"8",.0,"8",.0,"8",.0,"8",.0,"8",.0,"8",.0,"8",.0,"8",.0,"8",.0,"8",.0,"8",.0,"8",.0,"8",.0,"8",.0,"8",.0,"8",0,"",0,"8","R",0,"9",0,"9",0,"8"
"353160230","PI£A","2019","11","12",5.4,"",1.8,"",4.5,"",-1.3,"",7.5,"","W",0,"9",.0,"9",.0,"9",.0,"8",.0,"8",.0,"8",.0,"8",.0,"8",.0,"8",.0,"8",.0,"8",.0,"8",.0,"8",.0,"8",.0,"8",.0,"8",.0,"8",.0,"8",.0,"8",0,"",0,"8","R",0,"9",0,"9",0,"8"
"353160230","PI£A","2019","11","13",5.0,"",3.6,"",4.3,"",4.0,"",10.4,"","W",0,"9",.0,"9",.0,"9",.0,"8",.0,"8",.0,"8",.0,"8",.0,"8",.0,"8",.0,"8",.0,"8",.0,"8",.0,"8",.0,"8",.0,"8",.0,"8",.0,"8",.0,"8",.0,"8",0,"",0,"8","R",0,"9",0,"9",0,"8"
"353160230","PI£A","2019","11","14",5.2,"",3.0,"",3.8,"",1.8,"",.0,"9","",0,"9",.0,"9",.2,"",.0,"8",.0,"8",.0,"8",.0,"8",.0,"8",.0,"8",.0,"8",.0,"8",.0,"8",.0,"8",.0,"8",.0,"8",.0,"8",.0,"8",.0,"8",.0,"8",0,"",0,"8","R",0,"9",0,"9",0,"8"
"353160230","PI£A","2019","11","15",8.8,"",3.3,"",6.2,"",3.2,"",.0,"","W",0,"9",.0,"9",.0,"9",.0,"8",.0,"8",.0,"8",.0,"8",.0,"8",.0,"8",.0,"8",.0,"8",.0,"8",.0,"8",.0,"8",.0,"8",.0,"8",.0,"8",.0,"8",.0,"8",0,"",0,"8","R",0,"9",0,"9",0,"8"
"353160230","PI£A","2019","11","16",14.2,"",7.3,"",9.4,"",4.9,"",.3,"","W",0,"9",.0,"9",2.3,"",.0,"8",.0,"8",.0,"8",.0,"8",.0,"8",.0,"8",.0,"8",.0,"8",.0,"8",.0,"8",.0,"8",.0,"8",.0,"8",.0,"8",.0,"8",.0,"8",0,"",0,"8","R",0,"9",0,"9",0,"8"
"353160230","PI£A","2019","11","17",9.8,"",-.1,"",5.6,"",-2.2,"",.0,"9","",0,"9",.0,"9",3.1,"",.0,"8",.0,"8",.0,"8",.0,"8",.0,"8",.0,"8",.0,"8",.0,"8",.0,"8",.0,"8",.0,"8",.0,"8",.0,"8",.0,"8",.0,"8",.0,"8",0,"",0,"8","Z",1,"",0,"9",0,"8"
"353160230","PI£A","2019","11","18",10.7,"",7.2,"",8.5,"",4.9,"",.7,"","W",0,"9",.0,"9",.2,"",.0,"8",.0,"8",.0,"8",.0,"8",.0,"8",.0,"8",.0,"8",.0,"8",.0,"8",.0,"8",.0,"8",.0,"8",.0,"8",.0,"8",.0,"8",.0,"8",0,"",0,"8","R",0,"9",0,"9",0,"8"
"353160230","PI£A","2019","11","19",9.9,"",3.1,"",5.3,"",.2,"",.0,"9","",0,"9",.0,"9",6.5,"",.0,"8",.0,"8",.0,"8",.0,"8",.0,"8",.0,"8",.0,"8",.0,"8",.0,"8",.0,"8",.0,"8",.0,"8",.0,"8",.0,"8",.0,"8",.0,"8",0,"",0,"8","R",0,"9",0,"9",0,"8"
"353160230","PI£A","2019","11","20",7.5,"",1.8,"",5.5,"",-1.1,"",.0,"","W",0,"9",.0,"9",3.5,"",.0,"8",.0,"8",.0,"8",.0,"8",.0,"8",.0,"8",.0,"8",.0,"8",.0,"8",.0,"8",.0,"8",.0,"8",.0,"8",.0,"8",.0,"8",.0,"8",0,"",0,"8","Z",1,"",0,"9",0,"8"
"353160230","PI£A","2019","11","21",9.9,"",6.7,"",8.7,"",6.5,"",2.7,"","W",0,"9",.0,"9",.0,"9",.0,"8",.0,"8",.0,"8",.0,"8",.0,"8",.0,"8",.0,"8",.0,"8",.0,"8",.0,"8",.0,"8",.0,"8",.0,"8",.0,"8",.0,"8",.0,"8",0,"",0,"8","R",0,"9",0,"9",0,"8"
"353160230","PI£A","2019","11","22",7.8,"",4.8,"",6.1,"",4.7,"",.0,"9","",0,"9",.0,"9",.0,"9",.0,"8",.0,"8",.0,"8",.0,"8",.0,"8",.0,"8",.0,"8",.0,"8",.0,"8",.0,"8",.0,"8",.0,"8",.0,"8",.0,"8",.0,"8",.0,"8",0,"",0,"8","R",0,"9",0,"9",0,"8"
"353160230","PI£A","2019","11","23",4.8,"",.7,"",1.6,"",.8,"",.0,"9","",0,"9",.0,"9",.0,"9",.0,"8",.0,"8",.0,"8",.0,"8",.0,"8",.0,"8",.0,"8",.0,"8",.0,"8",.0,"8",.0,"8",.0,"8",.0,"8",.0,"8",.0,"8",.0,"8",0,"",0,"8","R",0,"9",0,"9",0,"8"
"353160230","PI£A","2019","11","24",3.3,"",1.2,"",2.3,"",1.4,"",.0,"9","",0,"9",.0,"9",.0,"9",.0,"8",.0,"8",.0,"8",.0,"8",.0,"8",.0,"8",.0,"8",.0,"8",.0,"8",.0,"8",.0,"8",.0,"8",.0,"8",.0,"8",.0,"8",.0,"8",0,"",0,"8","R",0,"9",0,"9",0,"8"
"353160230","PI£A","2019","11","25",2.6,"",1.0,"",1.6,"",1.2,"",.0,"9","",0,"9",.0,"9",.0,"9",.0,"8",.0,"8",.0,"8",.0,"8",.0,"8",.0,"8",.0,"8",.0,"8",.0,"8",.0,"8",.0,"8",.0,"8",.0,"8",.0,"8",.0,"8",.0,"8",0,"",0,"8","R",0,"9",0,"9",0,"8"
"353160230","PI£A","2019","11","26",4.0,"",1.8,"",3.2,"",2.0,"",.0,"","W",0,"9",.0,"9",.0,"9",.0,"8",.0,"8",.0,"8",.0,"8",.0,"8",.0,"8",.0,"8",.0,"8",.0,"8",.0,"8",.0,"8",.0,"8",.0,"8",.0,"8",.0,"8",.0,"8",0,"",0,"8","R",0,"9",0,"9",0,"8"
"353160230","PI£A","2019","11","27",7.1,"",4.0,"",6.3,"",3.9,"",.8,"","W",0,"9",.0,"9",1.0,"",.0,"8",.0,"8",.0,"8",.0,"8",.0,"8",.0,"8",.0,"8",.0,"8",.0,"8",.0,"8",.0,"8",.0,"8",.0,"8",.0,"8",.0,"8",.0,"8",0,"",0,"8","R",0,"9",0,"9",0,"8"
"353160230","PI£A","2019","11","28",11.9,"",5.0,"",8.5,"",2.3,"",1.5,"","W",0,"9",.0,"9",3.0,"",.0,"8",.0,"8",.0,"8",.0,"8",.0,"8",.0,"8",.0,"8",.0,"8",.0,"8",.0,"8",.0,"8",.0,"8",.0,"8",.0,"8",.0,"8",.0,"8",0,"",0,"8","R",0,"9",0,"9",0,"8"
"353160230","PI£A","2019","11","29",10.4,"",3.0,"",5.7,"",2.7,"",.2,"","W",0,"9",.0,"9",.8,"",.0,"8",.0,"8",.0,"8",.0,"8",.0,"8",.0,"8",.0,"8",.0,"8",.0,"8",.0,"8",.0,"8",.0,"8",.0,"8",.0,"8",.0,"8",.0,"8",0,"",0,"8","R",0,"9",0,"9",0,"8"
"353160230","PI£A","2019","11","30",4.3,"",-1.3,"",1.2,"",-3.3,"",.0,"9","",0,"9",.0,"9",6.8,"",.0,"8",.0,"8",.0,"8",.0,"8",.0,"8",.0,"8",.0,"8",.0,"8",.0,"8",.0,"8",.0,"8",.0,"8",.0,"8",.0,"8",.0,"8",.0,"8",0,"",0,"8","Z",5,"",0,"9",0,"8"
"353160230","PI£A","2019","12","01",2.0,"",-.3,"",1.2,"",-1.0,"",.0,"","W",0,"9",.0,"9",.0,"9",.0,"8",.0,"8",.0,"8",.0,"8",.0,"8",.0,"8",.0,"8",.0,"8",.0,"8",.0,"8",.0,"8",.0,"8",.0,"8",.0,"8",.0,"8",.0,"8",0,"",0,"8","",0,"9",0,"9",0,"8"
"353160230","PI£A","2019","12","02",3.4,"",1.0,"",2.0,"",-1.7,"",1.0,"","W",0,"9",.0,"9",.0,"9",.0,"8",.0,"8",.0,"8",.0,"8",.0,"8",.0,"8",.0,"8",.0,"8",.0,"8",.0,"8",.0,"8",.0,"8",.0,"8",.0,"8",.0,"8",.0,"8",0,"",0,"8","R",0,"9",0,"9",0,"8"
"353160230","PI£A","2019","12","03",1.9,"",-2.7,"",-.5,"",-4.8,"",.1,"","W",0,"9",.0,"9",1.1,"",.0,"8",.0,"8",.0,"8",.0,"8",.0,"8",.0,"8",.0,"8",.0,"8",.0,"8",.0,"8",.0,"8",.0,"8",.0,"8",.0,"8",.0,"8",.0,"8",0,"",0,"8","Z",7,"",0,"9",0,"8"
"353160230","PI£A","2019","12","04",5.0,"",.1,"",4.1,"",.0,"",.0,"","W",0,"9",.0,"9",.0,"9",.0,"8",.0,"8",.0,"8",.0,"8",.0,"8",.0,"8",.0,"8",.0,"8",.0,"8",.0,"8",.0,"8",.0,"8",.0,"8",.0,"8",.0,"8",.0,"8",0,"",0,"8","R",0,"9",0,"9",0,"8"
"353160230","PI£A","2019","12","05",4.2,"",-3.0,"",-.3,"",-5.1,"",.0,"9","",0,"9",.0,"9",7.1,"",.0,"8",.0,"8",.0,"8",.0,"8",.0,"8",.0,"8",.0,"8",.0,"8",.0,"8",.0,"8",.0,"8",.0,"8",.0,"8",.0,"8",.0,"8",.0,"8",0,"",0,"8","Z",7,"",0,"9",0,"8"
"353160230","PI£A","2019","12","06",4.0,"",-2.0,"",1.2,"",-4.0,"",.7,"","W",0,"9",.0,"9",1.6,"",.0,"8",.0,"8",.0,"8",.0,"8",.0,"8",.0,"8",.0,"8",.0,"8",.0,"8",.0,"8",.0,"8",.0,"8",.0,"8",.0,"8",.0,"8",.0,"8",0,"",0,"8","Z",9,"",0,"9",0,"8"
"353160230","PI£A","2019","12","07",8.1,"",2.8,"",5.9,"",2.0,"",2.3,"","W",0,"9",.0,"9",.0,"9",.0,"8",.0,"8",.0,"8",.0,"8",.0,"8",.0,"8",.0,"8",.0,"8",.0,"8",.0,"8",.0,"8",.0,"8",.0,"8",.0,"8",.0,"8",.0,"8",0,"",0,"8","R",0,"9",0,"9",0,"8"
"353160230","PI£A","2019","12","08",8.8,"",5.8,"",7.2,"",3.3,"",.4,"","W",0,"9",.0,"9",.0,"9",.0,"8",.0,"8",.0,"8",.0,"8",.0,"8",.0,"8",.0,"8",.0,"8",.0,"8",.0,"8",.0,"8",.0,"8",.0,"8",.0,"8",.0,"8",.0,"8",0,"",0,"8","R",0,"9",0,"9",0,"8"
"353160230","PI£A","2019","12","09",9.0,"",5.2,"",6.9,"",1.9,"",.4,"","W",0,"9",.0,"9",4.7,"",.0,"8",.0,"8",.0,"8",.0,"8",.0,"8",.0,"8",.0,"8",.0,"8",.0,"8",.0,"8",.0,"8",.0,"8",.0,"8",.0,"8",.0,"8",.0,"8",0,"",0,"8","R",0,"9",0,"9",0,"8"
"353160230","PI£A","2019","12","10",6.7,"",-2.6,"",1.9,"",-5.5,"",.5,"","W",0,"9",.0,"9",3.8,"",.0,"8",.0,"8",.0,"8",.0,"8",.0,"8",.0,"8",.0,"8",.0,"8",.0,"8",.0,"8",.0,"8",.0,"8",.0,"8",.0,"8",.0,"8",.0,"8",0,"",0,"8","R",0,"9",0,"9",0,"8"
"353160230","PI£A","2019","12","11",2.5,"",-4.2,"",-.4,"",-6.6,"",.0,"9","",0,"9",.0,"9",5.6,"",.0,"8",.0,"8",.0,"8",.0,"8",.0,"8",.0,"8",.0,"8",.0,"8",.0,"8",.0,"8",.0,"8",.0,"8",.0,"8",.0,"8",.0,"8",.0,"8",0,"",0,"8","Z",9,"",0,"9",0,"8"
"353160230","PI£A","2019","12","12",1.1,"",-2.9,"",-.6,"",-4.4,"",.0,"","W",0,"9",.0,"9",.0,"9",.0,"8",.0,"8",.0,"8",.0,"8",.0,"8",.0,"8",.0,"8",.0,"8",.0,"8",.0,"8",.0,"8",.0,"8",.0,"8",.0,"8",.0,"8",.0,"8",0,"",0,"8","Z",9,"",0,"9",0,"8"
"353160230","PI£A","2019","12","13",2.9,"",-1.0,"",1.2,"",-3.6,"",1.5,"","S",0,"9",.0,"9",.0,"9",.0,"8",.0,"8",.0,"8",.0,"8",.0,"8",.0,"8",.0,"8",.0,"8",.0,"8",.0,"8",.0,"8",.0,"8",.0,"8",.0,"8",.0,"8",.0,"8",0,"",0,"8","Z",6,"",0,"9",0,"8"
"353160230","PI£A","2019","12","14",4.8,"",1.2,"",3.0,"",-.9,"",6.8,"","W",0,"9",.0,"9",.0,"9",.0,"8",.0,"8",.0,"8",.0,"8",.0,"8",.0,"8",.0,"8",.0,"8",.0,"8",.0,"8",.0,"8",.0,"8",.0,"8",.0,"8",.0,"8",.0,"8",0,"",0,"8","R",0,"9",0,"9",0,"8"
"353160230","PI£A","2019","12","15",5.5,"",1.4,"",3.5,"",-.3,"",1.0,"","W",0,"9",.0,"9",.0,"9",.0,"8",.0,"8",.0,"8",.0,"8",.0,"8",.0,"8",.0,"8",.0,"8",.0,"8",.0,"8",.0,"8",.0,"8",.0,"8",.0,"8",.0,"8",.0,"8",0,"",0,"8","R",1,"",0,"9",0,"8"
"353160230","PI£A","2019","12","16",6.1,"",.4,"",4.0,"",-1.2,"",.0,"","W",0,"9",.0,"9",.6,"",.0,"8",.0,"8",.0,"8",.0,"8",.0,"8",.0,"8",.0,"8",.0,"8",.0,"8",.0,"8",.0,"8",.0,"8",.0,"8",.0,"8",.0,"8",.0,"8",0,"",0,"8","R",1,"",0,"9",0,"8"
"353160230","PI£A","2019","12","17",8.7,"",.3,"",4.3,"",-1.0,"",.0,"9","",0,"9",.0,"9",2.5,"",.0,"8",.0,"8",.0,"8",.0,"8",.0,"8",.0,"8",.0,"8",.0,"8",.0,"8",.0,"8",.0,"8",.0,"8",.0,"8",.0,"8",.0,"8",.0,"8",0,"",0,"8","R",1,"",0,"9",0,"8"
"353160230","PI£A","2019","12","18",10.1,"",3.6,"",5.9,"",-.6,"",.0,"9","",0,"9",.0,"9",2.9,"",.0,"8",.0,"8",.0,"8",.0,"8",.0,"8",.0,"8",.0,"8",.0,"8",.0,"8",.0,"8",.0,"8",.0,"8",.0,"8",.0,"8",.0,"8",.0,"8",0,"",0,"8","R",0,"9",0,"9",0,"8"
"353160230","PI£A","2019","12","19",5.4,"",-3.0,"",1.6,"",-3.8,"",.0,"9","",0,"9",.0,"9",5.0,"",.0,"8",.0,"8",.0,"8",.0,"8",.0,"8",.0,"8",.0,"8",.0,"8",.0,"8",.0,"8",.0,"8",.0,"8",.0,"8",.0,"8",.0,"8",.0,"8",0,"",0,"8","Z",7,"",0,"9",0,"8"
"353160230","PI£A","2019","12","20",11.7,"",1.8,"",5.8,"",-1.2,"",.0,"9","",0,"9",.0,"9",6.6,"",.0,"8",.0,"8",.0,"8",.0,"8",.0,"8",.0,"8",.0,"8",.0,"8",.0,"8",.0,"8",.0,"8",.0,"8",.0,"8",.0,"8",.0,"8",.0,"8",0,"",0,"8","R",1,"",0,"9",0,"8"
"353160230","PI£A","2019","12","21",7.8,"",1.6,"",4.8,"",-.9,"",5.6,"","W",0,"9",.0,"9",.1,"",.0,"8",.0,"8",.0,"8",.0,"8",.0,"8",.0,"8",.0,"8",.0,"8",.0,"8",.0,"8",.0,"8",.0,"8",.0,"8",.0,"8",.0,"8",.0,"8",0,"",0,"8","R",0,"9",0,"9",0,"8"
"353160230","PI£A","2019","12","22",5.6,"",3.6,"",4.7,"",3.0,"",.0,"9","",0,"9",.0,"9",.0,"9",.0,"8",.0,"8",.0,"8",.0,"8",.0,"8",.0,"8",.0,"8",.0,"8",.0,"8",.0,"8",.0,"8",.0,"8",.0,"8",.0,"8",.0,"8",.0,"8",0,"",0,"8","R",0,"9",0,"9",0,"8"
"353160230","PI£A","2019","12","23",6.3,"",3.2,"",4.6,"",3.9,"",.1,"","W",0,"9",.0,"9",.0,"9",.0,"8",.0,"8",.0,"8",.0,"8",.0,"8",.0,"8",.0,"8",.0,"8",.0,"8",.0,"8",.0,"8",.0,"8",.0,"8",.0,"8",.0,"8",.0,"8",0,"",0,"8","R",0,"9",0,"9",0,"8"
"353160230","PI£A","2019","12","24",6.6,"",4.4,"",5.2,"",3.1,"",.0,"","W",0,"9",.0,"9",.2,"",.0,"8",.0,"8",.0,"8",.0,"8",.0,"8",.0,"8",.0,"8",.0,"8",.0,"8",.0,"8",.0,"8",.0,"8",.0,"8",.0,"8",.0,"8",.0,"8",0,"",0,"8","R",0,"9",0,"9",0,"8"
"353160230","PI£A","2019","12","25",4.4,"",2.0,"",3.4,"",.5,"",.3,"","W",0,"9",.0,"9",.0,"9",.0,"8",.0,"8",.0,"8",.0,"8",.0,"8",.0,"8",.0,"8",.0,"8",.0,"8",.0,"8",.0,"8",.0,"8",.0,"8",.0,"8",.0,"8",.0,"8",0,"",0,"8","R",0,"9",0,"9",0,"8"
"353160230","PI£A","2019","12","26",5.0,"",3.1,"",3.8,"",1.1,"",.0,"","W",0,"9",.0,"9",.1,"",.0,"8",.0,"8",.0,"8",.0,"8",.0,"8",.0,"8",.0,"8",.0,"8",.0,"8",.0,"8",.0,"8",.0,"8",.0,"8",.0,"8",.0,"8",.0,"8",0,"",0,"8","R",0,"9",0,"9",0,"8"
"353160230","PI£A","2019","12","27",4.6,"",.6,"",2.2,"",-.8,"",.0,"9","",0,"9",.0,"9",.7,"",.0,"8",.0,"8",.0,"8",.0,"8",.0,"8",.0,"8",.0,"8",.0,"8",.0,"8",.0,"8",.0,"8",.0,"8",.0,"8",.0,"8",.0,"8",.0,"8",0,"",0,"8","",0,"9",0,"9",0,"8"
"353160230","PI£A","2019","12","28",2.4,"",.4,"",1.5,"",-1.2,"",.0,"9","",0,"9",.0,"9",.0,"9",.0,"8",.0,"8",.0,"8",.0,"8",.0,"8",.0,"8",.0,"8",.0,"8",.0,"8",.0,"8",.0,"8",.0,"8",.0,"8",.0,"8",.0,"8",.0,"8",0,"",0,"8","",1,"",0,"9",0,"8"
"353160230","PI£A","2019","12","29",2.1,"",-.9,"",.8,"",-1.3,"",.0,"9","",0,"9",.0,"9",2.0,"",.0,"8",.0,"8",.0,"8",.0,"8",.0,"8",.0,"8",.0,"8",.0,"8",.0,"8",.0,"8",.0,"8",.0,"8",.0,"8",.0,"8",.0,"8",.0,"8",0,"",0,"8","R",0,"9",0,"9",0,"8"
"353160230","PI£A","2019","12","30",5.3,"",.0,"",2.8,"",-1.1,"",.0,"9","",0,"9",.0,"9",.0,"9",.0,"8",.0,"8",.0,"8",.0,"8",.0,"8",.0,"8",.0,"8",.0,"8",.0,"8",.0,"8",.0,"8",.0,"8",.0,"8",.0,"8",.0,"8",.0,"8",0,"",0,"8","R",0,"9",0,"9",0,"8"
"353160230","PI£A","2019","12","31",7.0,"",3.8,"",5.4,"",-1.1,"",.0,"","W",0,"9",.0,"9",.2,"",.0,"8",.0,"8",.0,"8",.0,"8",.0,"8",.0,"8",.0,"8",.0,"8",.0,"8",.0,"8",.0,"8",.0,"8",.0,"8",.0,"8",.0,"8",.0,"8",0,"",0,"8","R",0,"9",0,"9",0,"8"
